,Q16_1,Q16_2,Q16_3,Q16_4,Q16_5,Q16_6,Q16_7,Q16_8,Q16_9,Q17,Q19_1,Q19_2,Q19_3,Q19_4,Q19_5,Q19_6,Q19_7,Q20,Q21_1,Q21_2,Q21_3,Q21_4,Q21_5,Q21_6,Q21_7,Q21_8,Q21_9,Q21_10,Q21_11,Q21_12,Q21_13,Q21_14,Q21_15,Q21_16,Q21_17,Q22_1,Q22_2,Q22_3,Q22_4,Q22_5,Q22_6,Q22_7,Q22_8,Q22_9,Q22_10,Q22_11,Q22_12,Q22_13,Q22_14,Q22_15,Q22_16,Q22_17,Q22_18,Q24
Q16_1,1.0,-0.0035214234793586804,-0.0014092830101833551,-0.0024644880637095298,0.001186146034636194,-0.0191675720333334,0.0010652305659963456,0.010935780651019631,-0.003176078865439848,-0.016585449741866348,0.0005292427262032519,0.0018872274264564216,0.012447786690645512,0.013341214953949326,-0.0013712535251562544,0.0034845911589066495,0.009979595552097795,-0.009600504759275272,0.004691955349514029,3.00573006670421e-05,-0.00013344284848818474,0.0030745981777300173,-0.027713757446252475,0.006181937409108683,0.009662691392903123,0.00021984431244652337,0.00044957878764842913,0.0030181724167191782,0.014952719926325428,0.006598820385663305,0.00356456473345214,-0.017548052829828232,0.01341489564396537,0.005695159048540083,0.0001898262605809424,-0.026673587889079163,-0.003704924428613869,-0.00472712471047526,-0.011950847393976938,-0.025231664062009135,-0.005513230788632863,-0.007276918045851452,0.025085128573398837,-0.016588915972832487,0.020257170150403875,-0.017905048502450095,0.0027177709891951975,-0.0018081533380066039,0.006403857720926942,-0.004815841859914032,0.009452963490866653,0.022133157887117796,0.006150328614884505,-0.007263221947999541
Q16_2,-0.0035214234793586804,1.0,0.002485704383960863,0.01590372071229246,-0.014996816302884415,-0.003608417880800777,0.01182321774738373,0.016474480954134584,0.006452440147738027,-0.0010352102221534098,0.0034954845773219633,-0.016663340748473678,0.008514420200224727,-0.01336117391658002,0.01996712109906599,0.003251627884120338,0.0018208785227323788,-0.014409976359169002,-0.015615030840596006,-0.012853984178640549,0.011382521824581703,-0.01234870571917564,0.0040051037680194435,-0.010425985941483851,0.0040880831971973185,0.006861079443043255,0.019665296706943506,0.03410313338806775,0.01522909396203277,0.018539323404716892,0.029354573544261915,0.015531031040998103,-0.009682861361951263,0.0018631344298836708,-0.004758275349611185,0.002659863227634139,0.006090348798230376,0.017489878265229866,-0.009165600912908028,-0.002956280834051832,0.024693835917153746,0.010466282166848416,0.01093605223723246,0.00043873788354499826,-0.011644758265595134,0.009642936097049968,-0.0006781374227800103,-0.012045355503138027,-0.021155868965380624,-0.007299840099163483,-0.013827677733517065,-0.014051586129348542,-0.032171321945497496,-0.0015907881222026337
Q16_3,-0.0014092830101833551,0.002485704383960863,1.0,0.006083037227319639,0.020406674357544282,-0.00888935682066017,-0.006943635563425391,0.020016872542599953,-0.005036624643635649,-0.002195732625310742,0.012945199814405936,-0.016249403012431926,-0.01346085944128081,0.01187479479880389,-0.01442981782832022,0.00021894181361315482,0.008316282959537622,0.006710601015810908,-0.004745196367090431,0.02244477296301694,0.012863425436808299,0.019351471139398942,-0.008448628089328246,0.012950092914886118,-0.006638957161241161,0.0014007231712672397,-0.0009514885286198111,-0.009316298765623815,0.005468840163615796,0.022713050063580476,-0.0007347793767691996,0.027681303872889373,-0.0030547095087735663,-0.018224276796264212,-0.0012007862994534958,0.00629421326172189,0.011854218001722417,0.00566838922918056,-0.007434441339125645,-0.00549743240676615,-0.005635086824020797,0.004951379836425821,0.001264199146650454,0.014852556631935725,-0.014438805587957312,-0.011802355766119673,0.015074414065121541,0.009384117430948585,-0.00965651410873261,-0.015390199546507607,-0.004051362267384451,-0.014463234406274806,-0.0016137739711718144,-0.009654337917374583
Q16_4,-0.0024644880637095298,0.01590372071229246,0.006083037227319639,1.0,0.003150366220099756,-0.006321133514223431,-0.00010768721066216774,0.012615115587161774,0.008274904085979888,0.0028204898727211083,0.006866895642993793,0.005440070898291292,-0.021628638754473264,0.000451718871434387,-0.009837387021184831,0.00718980243839356,0.00601176077203436,0.011095725183495265,-0.014037526705243516,0.019234837295704823,0.008129256659262134,0.001610426843863522,-0.0014758269033757277,-0.0006342068630930792,-0.0045282749345134056,0.0031010657549804775,0.008969398513855456,-0.003961475829219871,0.002008209451645953,0.0022716106852263065,-0.029314573913905656,-0.006732738145692867,-0.0032389046805303607,-0.0030387212685423427,0.039665496645849736,-0.018408104216743142,-0.012190521499425759,-0.006843081154880222,-0.018034857479478222,0.0023888672532091106,0.013436922745609611,-0.0052659900513917085,0.001614166323954506,-0.016843364241454082,-0.020644357254535006,0.013100954984915678,0.008295913507538616,0.0032911389274145986,0.016080504321286465,-0.0024413408785914515,0.0012074928040900943,0.016216217592998954,0.03378051660286126,0.0076670786660118125
Q16_5,0.001186146034636194,-0.014996816302884415,0.020406674357544282,0.003150366220099756,1.0,-0.016624106871198332,-0.0036779309991083423,0.022139020051376773,0.0088332979443474,0.005466480328009476,0.008322837932027195,-0.008169142327140342,0.0013403019410525034,-0.003887444438464695,-0.007242281924618777,0.0008293030446305852,0.006617945669775389,-0.011075504068515377,-0.02098069205751942,0.019380905474356256,-0.022721005079157825,0.02071658188324734,-0.014725944022286705,-0.022365156014977548,0.001373501521132872,-0.00577874640458138,-0.006951366309211868,0.010655666892001245,0.0013645975171039603,0.022134632685499422,-0.022594002537302163,0.013735118687800805,0.0020475752585378086,0.005740150058075084,-0.0019448456631574295,-0.015265870684982173,-0.011204158472335319,-0.00660560173575609,0.012874922057074422,0.019798634867024895,0.0021707315744027298,0.015835242817093066,-0.0026846439760077685,0.01149089431912156,-0.021891640289992933,-0.0024335148672140153,-0.0035320369151179355,-0.0077960667781274634,-0.005048272911715519,0.012158565758767545,-0.0049155747708490745,-0.0043020030441312624,0.004372756274916425,-0.011919720276738668
Q16_6,-0.0191675720333334,-0.003608417880800777,-0.00888935682066017,-0.006321133514223431,-0.016624106871198332,1.0,-0.004698953028683804,0.020923411405261674,-0.009893474778320553,0.010097120332580986,-0.013555575090944736,-0.009077809783523232,0.0134801617180127,-0.012056254641059952,-0.004321283228539823,-0.020182739536980715,0.004982394095034735,0.002964313675257914,0.004703568568923003,-0.003215244050916073,-0.005446601522744029,-0.0033260989172059557,0.003968900965152181,0.010944385188073082,0.003859707364952025,0.00020228429570396975,-0.015141971951234727,-0.025193747421232628,-0.002032362995673623,-0.009782595900403777,-0.020417739129542426,-0.006030094527348263,0.015125301100755877,0.004738055785465787,0.0015404472477629043,-0.008857612481956482,-0.004444438440563295,-0.0204643678098718,-0.015072975182851485,-0.019017198372460384,-0.00043490735007022677,0.01037743419132317,-0.01022474522456817,0.019882794767915022,-0.020031663956532112,-0.024348396363710376,0.03172052277050256,-0.006905907153391204,0.019162916459094306,0.002205827643294552,0.02026396554127548,-0.008694645354688729,-0.008123732245390779,0.022787835019034555
Q16_7,0.0010652305659963456,0.01182321774738373,-0.006943635563425391,-0.00010768721066216774,-0.0036779309991083423,-0.004698953028683804,1.0,-0.015753033357562448,0.00685357760056775,-0.003744161817327453,-0.011819714318350022,0.014103916923672244,0.009358744396514905,-0.016584142739395954,0.02014001672838354,-0.017455400884809784,-0.007343354653006521,0.0033027134583826674,-0.011884953323133008,0.02066050492799646,-0.022720600331077645,-0.009457556819377684,0.01140593267665274,-0.0007738141145365276,0.0015658105983743476,7.655902590217207e-05,-0.003055574822351068,-0.0180518298823569,0.01033314338891084,-0.003504177557383917,0.0026554236494988823,0.006402334599023637,0.0065322745868468925,0.019993067812528714,-0.011177024653515139,0.0242251913530618,0.008769593495601254,-0.009265063337379649,0.027723713936807764,-0.017061376923117235,0.0018039215953380135,-0.03136413083347334,0.0019945387903960543,-0.007274739504816207,-0.0006715457499926899,0.0036526990497602807,0.006321640013051854,0.00639753189017727,0.010563511803172974,0.0025492667646466894,-0.013504884106925942,-0.01073850724669521,0.009008656846454315,0.028550474505274464
Q16_8,0.010935780651019631,0.016474480954134584,0.020016872542599953,0.012615115587161774,0.022139020051376773,0.020923411405261674,-0.015753033357562448,1.0,-0.016042042572172198,0.0037992084962980574,-0.005293009768726263,0.01677597841709848,0.014813953258980854,0.021348454680255115,-0.0015295730710332325,-0.008612193255428037,0.0011361433286512215,-0.013059645505759429,-0.010860913162935523,-0.01661553454215077,-0.02545219266684546,-0.023449297337892007,0.010347268858742965,-0.017960938426037968,0.006317613174359169,-0.02912484862449575,-0.017262683341819046,-0.015511884919666619,0.004661306706514372,-0.02552310249827697,0.011785605482198782,0.010602055704088021,-0.0025101647373512747,-0.018052164529574373,-0.0005306740938933543,-0.010251752171014523,0.004209459887569979,-0.01193808030645584,0.021411731476130617,-0.010835022355958538,0.0022105476016805437,-0.008170089649935314,-0.009321748044443863,-0.025528770122952793,0.004739826968683668,0.007431669765356945,0.004578579629335558,-0.0057501908582945115,0.007376737148420131,0.010912483826277231,-0.022956442018655987,0.007172362378721107,-0.001963275589960999,0.005972394770640088
Q16_9,-0.003176078865439848,0.006452440147738027,-0.005036624643635649,0.008274904085979888,0.0088332979443474,-0.009893474778320553,0.00685357760056775,-0.016042042572172198,1.0,-0.01300812464951504,-0.0034644443967316667,0.0033846225977435976,-0.0037706506744620704,0.001133376494380906,-0.0014713040193709808,-0.006189424600316371,-0.01415522909456943,0.016463074390203877,0.011574264504374336,-0.00211956147601321,0.0038503428834954848,0.022397665608447557,-0.006925177838441425,0.0029923140225968795,0.01263382180329895,-0.0374132711470781,-0.0022209697349234595,-0.030856562664871252,-0.0186254997027434,-0.017671973002968897,-0.005713049313100404,-0.004637953784376651,-0.011138418275499738,0.01014782801629887,-0.0024127091770730046,-0.0018444417314016446,-0.008185092309224437,-0.009091066125209697,0.01009048246875885,0.012110247567749734,-0.0077720774491395975,-0.0011521130448483663,-0.010975652150237675,-0.028025862376546168,-0.0031774403867302274,0.02094035669655955,-0.004105485324333586,0.012361884226291317,-0.004453530471119976,-0.016878794835652453,-0.009709611844327889,0.027687591075416133,-0.00911044676441497,0.026070354219222425
Q17,-0.016585449741866348,-0.0010352102221534098,-0.002195732625310742,0.0028204898727211083,0.005466480328009476,0.010097120332580986,-0.003744161817327453,0.0037992084962980574,-0.01300812464951504,1.0,-0.013177733393931947,-0.023279862884549047,-0.008580439023324308,0.0027304455433920646,-0.010793939933748867,-0.018414512580654102,0.04195755566562239,-0.0008632162815599154,0.019938411723954105,-0.004612792504742721,0.002797429234062346,-0.004782487890874223,0.009266754572719712,-0.00655317025283638,0.005110435517370505,-0.014375119524024984,-0.005385457731308116,0.0007422255012944125,-0.0030438853649496487,0.010445052448773898,-0.007773530203704629,0.0032111231162775954,-0.008099050022263453,-0.013912960190756354,-0.008582815805717393,-0.013266239183345746,0.0007741322207650349,0.0019600266175266996,0.0028579070096542663,-0.003447535591785014,-0.0023528920997344586,-0.0016098077149368582,0.011906707718457206,-0.01456634669131125,0.011214037696634874,0.005225204021752976,-0.0064660839488923936,-0.01558628868608063,0.008565265605565316,-0.00667921851614486,0.011598252720441335,0.008596970065901093,0.01411892899481416,-0.011207077552385898
Q19_1,0.0005292427262032519,0.0034954845773219633,0.012945199814405936,0.006866895642993793,0.008322837932027195,-0.013555575090944736,-0.011819714318350022,-0.005293009768726263,-0.0034644443967316667,-0.013177733393931947,1.0,-0.018920463768646038,-0.01702067505613218,0.006210224333680418,-0.01598956961294606,0.027116212150625384,-0.012264496334523162,0.012384870333196055,0.003590827997381586,-0.009866613260478057,-0.012316382483440358,-0.008675377347874472,-0.011115864987290365,-0.0019154625981817278,0.021515599058739187,0.005679888451453626,-0.029586676489336362,0.0013963535667887743,0.01176742581604423,0.016684904284718374,-0.013768780306545656,0.0019088341434731623,0.0008896267781697671,-0.017261160964233208,-0.01551830180141081,-0.010013206821524753,0.0214816674157577,-0.0001852434370386217,0.009513510420396321,-0.016037180754440702,0.007100879684545164,-0.01965954890881393,0.013557232823078655,-0.014104501253721063,-0.015759010345216224,0.006742441301545462,-0.012669533968725496,-0.0005854497481486288,0.002509956248096195,-0.010238226846560228,0.0020675632543851862,-0.023100934298961824,-0.020060683467546442,0.015272332481423343
Q19_2,0.0018872274264564216,-0.016663340748473678,-0.016249403012431926,0.005440070898291292,-0.008169142327140342,-0.009077809783523232,0.014103916923672244,0.01677597841709848,0.0033846225977435976,-0.023279862884549047,-0.018920463768646038,1.0,0.020940408569141294,0.0012247119990769272,-0.0042673508001840966,-0.004947099405389113,0.024726489341454157,0.005783639472308857,-0.029624742821716683,-0.037075019988203554,0.01136315691768544,0.01105725876777102,-0.002263803744774974,0.0054003344103097225,-0.0014577095905586501,0.002292099734233495,0.004828481299278425,0.013877448260388272,-0.00555023948293604,-0.002839985355166416,0.0017832127759297336,0.0023836011054943983,0.009838555731785796,0.006214362445804221,0.023019825065061065,0.03809686577178246,-0.019964899236239293,-0.006014475645556845,0.0025828141480595756,-0.0039672328783509295,-0.0034218057311767576,0.020606704286036885,0.0021603525041171212,0.022133078536080795,0.003924874564725451,0.012913103217994925,-0.022498508122001732,-0.006865011023936579,-0.0076111191485259645,0.011502918532632437,-0.02407962629535994,0.004897977464317965,-0.0007972626242225906,0.014666702163331179
Q19_3,0.012447786690645512,0.008514420200224727,-0.01346085944128081,-0.021628638754473264,0.0013403019410525034,0.0134801617180127,0.009358744396514905,0.014813953258980854,-0.0037706506744620704,-0.008580439023324308,-0.01702067505613218,0.020940408569141294,1.0,0.010407274356977407,0.009063774698576652,0.0013443655740988688,0.020626715161848656,0.009414119610779606,0.00398675605280984,-0.02229401573425398,0.012868233586404758,0.016879703209551487,0.007295962973229815,-0.004290254208715218,0.012849810515992566,-0.019074458648038077,0.017976213301966144,-0.004383458149828108,0.02512275551797426,-0.014474376230453409,0.01759713457754975,-0.02176859929419771,-0.012075391862661126,0.011465464218776242,0.02510528526299437,-0.004337106716454495,-0.01700757206350705,-0.01180463935631232,0.003739587901946707,-0.004073932106103592,0.047118318434149604,-0.025350971158311995,-0.013415705467996359,-0.00982904280535901,0.021310191528736547,0.031122685536596015,0.005898577310222853,0.009455996128346697,0.01634248151834374,0.000544576999128872,0.007388469402374165,-0.017283659438151373,0.020839369346362394,-0.02052006243615829
Q19_4,0.013341214953949326,-0.01336117391658002,0.01187479479880389,0.000451718871434387,-0.003887444438464695,-0.012056254641059952,-0.016584142739395954,0.021348454680255115,0.001133376494380906,0.0027304455433920646,0.006210224333680418,0.0012247119990769272,0.010407274356977407,1.0,0.02605717376818856,0.007515521623127885,0.0054179587875544475,-0.0016856983682382407,-0.009711629588873743,0.0049306324201149635,-0.0295219650362712,-7.62860501467392e-05,0.011342994454041962,0.014248132382414192,0.007159954091373252,0.00036292036085194476,-0.01673219165335275,0.007017962708763188,-0.011691340668884775,0.008325544332313304,0.009124755272174415,-0.010440117572200184,0.006749160185372735,0.011517286217502603,0.022774223031326337,0.006058157094657047,-0.019695020604578603,0.009083655598979655,0.015947697893989726,-0.030150886295268017,-0.020444116551982406,0.016086781888803657,0.0009488235122219413,0.00959950081656592,-0.0016393310107991042,-0.01980340009620777,0.015767784259338082,-0.027960379379025367,-0.005000864431304238,0.00015399023533817406,0.0063884089095157266,-0.03183876919951402,0.005183952217155642,-0.0057413135508792845
Q19_5,-0.0013712535251562544,0.01996712109906599,-0.01442981782832022,-0.009837387021184831,-0.007242281924618777,-0.004321283228539823,0.02014001672838354,-0.0015295730710332325,-0.0014713040193709808,-0.010793939933748867,-0.01598956961294606,-0.0042673508001840966,0.009063774698576652,0.02605717376818856,1.0,-0.039666964080824006,0.02334898752263003,0.005223009838606218,-0.015647153627118583,-0.005382713563279771,-0.006242322471502006,-0.0015516359245827704,-0.0021885102319798375,-0.012136574194947987,-0.009728819424726247,-0.010409024016062873,-0.01084446437456549,-0.019334661737719878,-0.00693475316134349,-0.017003744501818886,-0.007590387899067635,-0.013464098354263048,0.028377646448532905,-0.009857147333325284,-0.009730019866856385,-0.016318520843130867,-0.024045787155055877,-0.004940312559380111,0.005136845376779687,0.009063413052257687,-0.00851797180368886,-0.0011387047271982607,0.0004154495693636657,-0.010122310795330651,0.012447500663318723,0.0019352323968971565,0.016180565442779148,-0.013075881995458576,0.009841012689058546,-0.014228591896982218,0.00532426753598398,-0.01562149734918362,-0.0026282777922474482,0.001366070410184909
Q19_6,0.0034845911589066495,0.003251627884120338,0.00021894181361315482,0.00718980243839356,0.0008293030446305852,-0.020182739536980715,-0.017455400884809784,-0.008612193255428037,-0.006189424600316371,-0.018414512580654102,0.027116212150625384,-0.004947099405389113,0.0013443655740988688,0.007515521623127885,-0.039666964080824006,1.0,-0.0009313095255407944,0.002832964399995842,-0.0014452883122735522,0.0014850241229513736,-0.01258380363625903,0.0034995945999046754,0.0024315711351402805,0.013096740174940683,-0.00380179157191829,-0.003667202703476562,-0.0053778560445503195,-0.0013258221475098552,0.003672126565870173,0.003223715376004242,-0.0017396137383722892,0.009337713778657098,-0.007145916983257686,0.0017995979035619787,-0.013947833532105504,-0.01353933367253101,0.015330908473295218,-0.0060444848390102,0.0068211284696994825,0.009441312375923903,0.007117637496333945,-0.013699841895559124,0.004978482484265791,0.008000495841108244,-0.01222184308666019,0.006870471590960498,-0.01748328117171882,0.007243633200881288,0.01137939857924552,-0.002879922174374697,-0.001344862075643814,0.012096900450187053,-0.0018288156952660228,-0.010268871919935625
Q19_7,0.009979595552097795,0.0018208785227323788,0.008316282959537622,0.00601176077203436,0.006617945669775389,0.004982394095034735,-0.007343354653006521,0.0011361433286512215,-0.01415522909456943,0.04195755566562239,-0.012264496334523162,0.024726489341454157,0.020626715161848656,0.0054179587875544475,0.02334898752263003,-0.0009313095255407944,1.0,-0.009626864235158693,0.0005854061075768198,-0.0046338614958992596,-0.01575292950442381,0.02408026107310594,-0.007627352820133302,0.024298929300154707,-0.020831271607315478,-0.007231254401066353,-0.008748221084840567,-0.011045018013551818,-0.008319141817897288,0.021558519513553646,0.026128420342874645,-0.025414916633710084,0.02579629633607862,-0.003708450320826868,-0.009977567674426958,-0.018052029317779755,0.008780632440055409,-0.011962190165224953,0.035437015057085,-0.008410996254678857,0.009623263553296808,-0.004795466165608136,0.009468718676588111,-0.00902496636524326,0.0027451718484115873,0.013076218622846993,-0.01569881312646378,-0.01190871151387092,0.0008336030886722981,0.0025844630568843093,0.010824236382155088,0.0132084879650341,-0.01456759477539577,-0.009828778808539667
Q20,-0.009600504759275272,-0.014409976359169002,0.006710601015810908,0.011095725183495265,-0.011075504068515377,0.002964313675257914,0.0033027134583826674,-0.013059645505759429,0.016463074390203877,-0.0008632162815599154,0.012384870333196055,0.005783639472308857,0.009414119610779606,-0.0016856983682382407,0.005223009838606218,0.002832964399995842,-0.009626864235158693,1.0,0.022702591747523218,-0.01384014339217291,-0.008509189479278995,0.00858818601301389,0.0199836476905531,0.009596642674557404,-0.006160781369153389,0.01628364564980745,0.002908619498629183,0.014678784640525674,0.011003159544505243,-0.026112412047823906,-0.0016872621520945931,0.0034240245407229693,0.02313201289836313,-0.013754271847613695,-0.006500998373866902,-0.005492304992679782,0.001684266730723992,-0.02169992113686487,-0.008831707841181627,-0.01083832146507644,0.008677844331586068,-0.010620930892752015,-0.015407074722295954,-0.007847420118774217,-0.0039048881338829356,-0.008849652349929396,0.010212398284992824,-0.016333571530128557,0.00888361747251552,-0.011313433561489408,-0.014133248512435208,-0.0022683076459365805,-0.013852200359061055,-0.018581344304502336
Q21_1,0.004691955349514029,-0.015615030840596006,-0.004745196367090431,-0.014037526705243516,-0.02098069205751942,0.004703568568923003,-0.011884953323133008,-0.010860913162935523,0.011574264504374336,0.019938411723954105,0.003590827997381586,-0.029624742821716683,0.00398675605280984,-0.009711629588873743,-0.015647153627118583,-0.0014452883122735522,0.0005854061075768198,0.022702591747523218,1.0,0.008421440454966839,-0.005640609132769226,-1.1944583762108105e-05,-0.011483318767216288,-0.0030379650452788142,0.0021859148789634846,0.002411693497445132,-0.011947074646935592,0.011430452726031829,-0.02037691941309873,0.011548689143702766,0.004419651156669235,0.009158368545195007,-0.00405894550531387,-0.023762008495718374,-0.007668875625778747,0.0005180011948225947,0.01564870700736558,-0.01375413238592469,-0.00497849272838428,-0.021735253208429117,-0.01379608766533368,-0.015106905877873578,0.00933089358575396,-0.010850491043743894,-0.008765996161020556,-0.00918898736855888,0.011605773646732407,0.010084226110671456,0.004982483617446791,-0.006171272658440743,0.00034715491396658223,-0.009059155007967902,-0.02795589961292871,0.003952165862237834
Q21_2,3.00573006670421e-05,-0.012853984178640549,0.02244477296301694,0.019234837295704823,0.019380905474356256,-0.003215244050916073,0.02066050492799646,-0.01661553454215077,-0.00211956147601321,-0.004612792504742721,-0.009866613260478057,-0.037075019988203554,-0.02229401573425398,0.0049306324201149635,-0.005382713563279771,0.0014850241229513736,-0.0046338614958992596,-0.01384014339217291,0.008421440454966839,1.0,0.005179592581554042,-0.0039001121995450427,0.006751302122980723,0.021737752655550228,-0.008589071712795803,-0.0015183916188800633,-0.013258260187571865,0.010018382436845856,-0.007464189182103723,0.012626148893218269,-0.00905691656315226,0.0021929207495961136,-0.004560410949348037,0.02457690381542972,0.0011920300357062966,0.0077146948429149195,0.014742036769361104,0.013792936214214709,0.03589088437923513,-0.008542025566901482,0.013231989694721273,-0.008518068233371293,0.002568378820830307,-0.017626972286432525,0.006329093294145357,0.006810380767995339,0.007729946530565484,-0.02431887243829467,-0.014880862107242794,-0.015594124059349419,-0.015352491573880361,-0.005549879013818631,-0.0194600574157953,-0.006884766065047388
Q21_3,-0.00013344284848818474,0.011382521824581703,0.012863425436808299,0.008129256659262134,-0.022721005079157825,-0.005446601522744029,-0.022720600331077645,-0.02545219266684546,0.0038503428834954848,0.002797429234062346,-0.012316382483440358,0.01136315691768544,0.012868233586404758,-0.0295219650362712,-0.006242322471502006,-0.01258380363625903,-0.01575292950442381,-0.008509189479278995,-0.005640609132769226,0.005179592581554042,1.0,0.007617860940652598,-0.003870333651713035,-0.0024565106951524693,0.024166400023222564,0.006129476759220368,0.017604870053727083,0.018369110964440286,0.013122056067512326,0.00192334923297806,-0.021126716203210973,0.028707214964515074,-0.00575379164487773,0.01191105049583272,0.014232516062112172,0.0010419695091406955,-0.011490523081866098,-0.012607976757345138,-0.009630638697896104,-0.0011536589428116535,0.009348652686448742,0.008977643097155706,0.005934580743261963,0.011755945313084739,0.02017320697672299,0.008841364403114569,-0.0060237264459697005,0.005301267569220854,0.0031094151975842002,0.007569130477417969,-0.03780015510935966,-0.008811876259134712,0.008369364328104114,-0.006798395957710317
Q21_4,0.0030745981777300173,-0.01234870571917564,0.019351471139398942,0.001610426843863522,0.02071658188324734,-0.0033260989172059557,-0.009457556819377684,-0.023449297337892007,0.022397665608447557,-0.004782487890874223,-0.008675377347874472,0.01105725876777102,0.016879703209551487,-7.62860501467392e-05,-0.0015516359245827704,0.0034995945999046754,0.02408026107310594,0.00858818601301389,-1.1944583762108105e-05,-0.0039001121995450427,0.007617860940652598,1.0,-0.02289397658913412,-0.00910089322066138,-0.011368759542258845,0.01046782526765577,-0.009394216314918623,0.010330242884405013,0.026268154418311436,0.014786190271918907,-0.03654925300796568,-0.0060960306842185626,0.006510839883601126,0.0032093130366645864,-0.007535163859527641,-0.015531415751383996,0.0070227359765755995,0.013434823557857516,0.005550628507607809,-0.011140958320549867,-0.012311188866410437,0.012801289794480962,0.017773174604403173,-0.018468830705396774,0.002765498592124798,0.0006681590731811808,-0.011542095677990196,-0.013357380793785659,-0.024938591178761498,-0.01435125651016379,-0.007993421394588774,-0.006323409124408914,-0.015290235564020342,0.0031730858754204596
Q21_5,-0.027713757446252475,0.0040051037680194435,-0.008448628089328246,-0.0014758269033757277,-0.014725944022286705,0.003968900965152181,0.01140593267665274,0.010347268858742965,-0.006925177838441425,0.009266754572719712,-0.011115864987290365,-0.002263803744774974,0.007295962973229815,0.011342994454041962,-0.0021885102319798375,0.0024315711351402805,-0.007627352820133302,0.0199836476905531,-0.011483318767216288,0.006751302122980723,-0.003870333651713035,-0.02289397658913412,1.0,-0.003880968359990328,0.003364584610675655,0.024874734399494745,-0.010709183161400774,-0.0037872766481969566,0.001646170851303139,0.010907692116556409,-0.008936535182220108,0.01293683624141185,-0.007267995362535159,-0.011381773628549025,0.020460525821902532,-0.021883311692970267,-0.0011864777414171907,0.008381171055598088,-0.006276768107770021,0.0009142245415128292,0.007185290615395364,-0.005489297648117423,0.0011010510088022047,0.026616507690422037,-0.0018427572510902586,-0.027708726113644742,-0.005886179457890583,-0.027211383250598874,-0.002828858014335473,0.0031235316064930204,-0.00837981258952239,0.010877123093455388,-0.015603612330927203,-0.001347359642899935
Q21_6,0.006181937409108683,-0.010425985941483851,0.012950092914886118,-0.0006342068630930792,-0.022365156014977548,0.010944385188073082,-0.0007738141145365276,-0.017960938426037968,0.0029923140225968795,-0.00655317025283638,-0.0019154625981817278,0.0054003344103097225,-0.004290254208715218,0.014248132382414192,-0.012136574194947987,0.013096740174940683,0.024298929300154707,0.009596642674557404,-0.0030379650452788142,0.021737752655550228,-0.0024565106951524693,-0.00910089322066138,-0.003880968359990328,1.0,1.6092004907641636e-05,-0.0013825259937214455,-0.013254082859104597,0.003904979433534134,0.010359313217547524,-0.008585790572041863,0.0008813028310995108,-0.006008082101456073,-0.005413104474756909,0.0004929288579106176,-0.00907482790476882,0.010200620754911346,-0.0015840947393978145,0.003660672649250114,0.004542609563666956,-0.013032170489484836,-0.015533198455178782,0.00126610748437282,-0.009452072645898927,0.010980452300720627,0.0014217668492655107,0.0034469772543330346,-0.002243375216996856,-0.01995356070766794,0.005018645862599711,-0.011868082443845079,-0.010608746384361245,-0.003636369168087609,-0.010946976391541288,0.01271640003779317
Q21_7,0.009662691392903123,0.0040880831971973185,-0.006638957161241161,-0.0045282749345134056,0.001373501521132872,0.003859707364952025,0.0015658105983743476,0.006317613174359169,0.01263382180329895,0.005110435517370505,0.021515599058739187,-0.0014577095905586501,0.012849810515992566,0.007159954091373252,-0.009728819424726247,-0.00380179157191829,-0.020831271607315478,-0.006160781369153389,0.0021859148789634846,-0.008589071712795803,0.024166400023222564,-0.011368759542258845,0.003364584610675655,1.6092004907641636e-05,1.0,-0.024160201737535667,0.012000230880200588,0.020967131614968132,0.005548159001044014,0.00899277036195695,-0.008919553478067738,0.004920189732979272,0.026848571877105355,-0.001350773363812121,0.011692409132763443,-0.015574709414328963,-0.0036044661973126005,0.020419503756532117,0.009179715781519254,-0.0003458173550257123,-3.303655348215346e-05,0.003968760225316512,0.006134204043492343,0.01008644217179429,-0.010151707154313534,-0.022535581525087754,0.01851252433226027,-0.005164508959502072,0.034739235845659217,0.0050161764733252885,-0.001061582886581137,-0.023652012828594117,0.006886237353874528,-0.0014449508057095292
Q21_8,0.00021984431244652337,0.006861079443043255,0.0014007231712672397,0.0031010657549804775,-0.00577874640458138,0.00020228429570396975,7.655902590217207e-05,-0.02912484862449575,-0.0374132711470781,-0.014375119524024984,0.005679888451453626,0.002292099734233495,-0.019074458648038077,0.00036292036085194476,-0.010409024016062873,-0.003667202703476562,-0.007231254401066353,0.01628364564980745,0.002411693497445132,-0.0015183916188800633,0.006129476759220368,0.01046782526765577,0.024874734399494745,-0.0013825259937214455,-0.024160201737535667,1.0,0.025581540816699635,0.013956524382743451,0.014091673350459244,0.004197203084100252,-0.01640085752871221,0.011661873371034796,0.012739077487188078,-0.009181122654884686,-0.030123980306568855,-0.009970069087989246,-0.013010417840155069,-0.014437338433070143,-0.02371879166845984,0.025013802706110724,0.0022373602395050706,-0.019633119074022334,-0.017796941016097932,0.004510758559585149,0.0007851215733035533,0.004607338250066373,0.001522303989090376,-0.0018465387261754264,-0.004703543663669776,0.009908636139519283,-0.008772549752014708,-0.012490915515257987,0.027677763156747408,-0.03253693942813538
Q21_9,0.00044957878764842913,0.019665296706943506,-0.0009514885286198111,0.008969398513855456,-0.006951366309211868,-0.015141971951234727,-0.003055574822351068,-0.017262683341819046,-0.0022209697349234595,-0.005385457731308116,-0.029586676489336362,0.004828481299278425,0.017976213301966144,-0.01673219165335275,-0.01084446437456549,-0.0053778560445503195,-0.008748221084840567,0.002908619498629183,-0.011947074646935592,-0.013258260187571865,0.017604870053727083,-0.009394216314918623,-0.010709183161400774,-0.013254082859104597,0.012000230880200588,0.025581540816699635,1.0,0.0030436675555908484,-0.0046163344326763025,-0.0016991717216307662,0.012799819835895562,0.007426979902556048,0.009856192962496728,0.024969778442038952,-0.018922621072765156,0.011524675190609505,-0.005112955350487701,0.008617546721071222,0.002905189482012766,-0.01232024290745888,0.026241744150857785,-0.004963044922934822,-0.00854071684244899,-0.006793121029194022,0.011518566032939747,0.016223566852521354,-0.019944934250777816,-0.006064176068761241,0.005375066954353226,0.01567948835569549,0.0022219340241183727,-0.01863645075656432,-0.012566482887637878,-0.017554767190639115
Q21_10,0.0030181724167191782,0.03410313338806775,-0.009316298765623815,-0.003961475829219871,0.010655666892001245,-0.025193747421232628,-0.0180518298823569,-0.015511884919666619,-0.030856562664871252,0.0007422255012944125,0.0013963535667887743,0.013877448260388272,-0.004383458149828108,0.007017962708763188,-0.019334661737719878,-0.0013258221475098552,-0.011045018013551818,0.014678784640525674,0.011430452726031829,0.010018382436845856,0.018369110964440286,0.010330242884405013,-0.0037872766481969566,0.003904979433534134,0.020967131614968132,0.013956524382743451,0.0030436675555908484,1.0,-0.0024298160335083697,0.003712940199066,-0.013943316237514707,0.014385584150521918,0.008148446383521591,-0.007584254793732428,0.019476529069068778,-0.019387652700375995,-0.007926639701328017,-0.021509970239527835,0.00824309759578218,-0.0006949709697953975,-0.002838543771360139,0.007054782075227812,0.0010361394326154423,0.006790562571818538,-0.0011096519028875366,-0.004660908240251289,0.01227414457346238,-0.009023185092500299,-0.011933571478302964,0.019961725416449392,-0.011700298312313673,-0.002247680124234441,-0.013501788903421047,-0.01491264190700607
Q21_11,0.014952719926325428,0.01522909396203277,0.005468840163615796,0.002008209451645953,0.0013645975171039603,-0.002032362995673623,0.01033314338891084,0.004661306706514372,-0.0186254997027434,-0.0030438853649496487,0.01176742581604423,-0.00555023948293604,0.02512275551797426,-0.011691340668884775,-0.00693475316134349,0.003672126565870173,-0.008319141817897288,0.011003159544505243,-0.02037691941309873,-0.007464189182103723,0.013122056067512326,0.026268154418311436,0.001646170851303139,0.010359313217547524,0.005548159001044014,0.014091673350459244,-0.0046163344326763025,-0.0024298160335083697,1.0,-0.018647153769233354,0.009422503503537403,-6.925789184776374e-05,-0.015853716680512546,0.018821571830330574,0.01765055988438069,0.0018716831202357442,-0.0001973717437242587,-0.013390659506678369,-0.007709697331456456,-0.01617774396485648,0.002274052812806459,0.00802194148231806,0.008864304817933271,-0.013792903413833086,-0.0009842040292594209,0.011714242986753434,-0.01789665308395371,-0.03740826280822616,0.0027779334279220322,0.0027083467752303412,-0.003696003982233776,0.028497023703132576,0.01345674560411855,-0.0026976425493688027
Q21_12,0.006598820385663305,0.018539323404716892,0.022713050063580476,0.0022716106852263065,0.022134632685499422,-0.009782595900403777,-0.003504177557383917,-0.02552310249827697,-0.017671973002968897,0.010445052448773898,0.016684904284718374,-0.002839985355166416,-0.014474376230453409,0.008325544332313304,-0.017003744501818886,0.003223715376004242,0.021558519513553646,-0.026112412047823906,0.011548689143702766,0.012626148893218269,0.00192334923297806,0.014786190271918907,0.010907692116556409,-0.008585790572041863,0.00899277036195695,0.004197203084100252,-0.0016991717216307662,0.003712940199066,-0.018647153769233354,1.0,0.015973078012322218,0.01508183151855242,0.005998158735524844,0.03628382658546575,-0.011061273992670888,0.008655864562684981,0.014674999638094662,0.003815838998297739,0.009225619049116868,0.011689060051579882,0.02159343563491476,-0.010851378849181182,-0.011904412663932471,0.0051157181175323285,0.0022058635013496785,0.01881627268964604,0.0005302400673584879,0.01545701728953492,0.001064710608475281,-0.01034070374362761,-0.003474557805373698,-0.02419717235481929,-0.005985337697894447,-0.007951514278388905
Q21_13,0.00356456473345214,0.029354573544261915,-0.0007347793767691996,-0.029314573913905656,-0.022594002537302163,-0.020417739129542426,0.0026554236494988823,0.011785605482198782,-0.005713049313100404,-0.007773530203704629,-0.013768780306545656,0.0017832127759297336,0.01759713457754975,0.009124755272174415,-0.007590387899067635,-0.0017396137383722892,0.026128420342874645,-0.0016872621520945931,0.004419651156669235,-0.00905691656315226,-0.021126716203210973,-0.03654925300796568,-0.008936535182220108,0.0008813028310995108,-0.008919553478067738,-0.01640085752871221,0.012799819835895562,-0.013943316237514707,0.009422503503537403,0.015973078012322218,1.0,0.011703751160862556,-0.012744194958178886,0.015648663053373042,0.018366048931952674,0.01859775921992376,0.014318878592906696,0.007075755467729142,-0.013831388502316161,0.02424879848524486,-0.0017136851492439847,0.0005444639330836023,-0.004819034138111174,0.00214218383434338,0.0057026563398401295,-0.01934662576959304,-0.0024354841197689074,0.003975000136313872,0.002596653673411013,0.008049113452498992,-0.0088639424472244,-0.02171552297259834,-0.009301638570073689,-0.002906338717439099
Q21_14,-0.017548052829828232,0.015531031040998103,0.027681303872889373,-0.006732738145692867,0.013735118687800805,-0.006030094527348263,0.006402334599023637,0.010602055704088021,-0.004637953784376651,0.0032111231162775954,0.0019088341434731623,0.0023836011054943983,-0.02176859929419771,-0.010440117572200184,-0.013464098354263048,0.009337713778657098,-0.025414916633710084,0.0034240245407229693,0.009158368545195007,0.0021929207495961136,0.028707214964515074,-0.0060960306842185626,0.01293683624141185,-0.006008082101456073,0.004920189732979272,0.011661873371034796,0.007426979902556048,0.014385584150521918,-6.925789184776374e-05,0.01508183151855242,0.011703751160862556,1.0,0.0036820414450734786,0.006123830895865916,-0.01019145133601655,0.024736447534245382,0.005803503051248679,0.016071718147143515,0.005733845035361845,-0.022023266105389273,-0.005815796180149526,-0.007741332387067007,0.007749818611715306,0.010367007129233283,-0.02465578510041242,0.006223763640918898,-0.010406952102129599,-0.014802472892788082,-0.01724250328722414,0.02065601048028599,0.001481391600677031,-0.012438221261454514,-0.003067934857151063,-0.011525944096099994
Q21_15,0.01341489564396537,-0.009682861361951263,-0.0030547095087735663,-0.0032389046805303607,0.0020475752585378086,0.015125301100755877,0.0065322745868468925,-0.0025101647373512747,-0.011138418275499738,-0.008099050022263453,0.0008896267781697671,0.009838555731785796,-0.012075391862661126,0.006749160185372735,0.028377646448532905,-0.007145916983257686,0.02579629633607862,0.02313201289836313,-0.00405894550531387,-0.004560410949348037,-0.00575379164487773,0.006510839883601126,-0.007267995362535159,-0.005413104474756909,0.026848571877105355,0.012739077487188078,0.009856192962496728,0.008148446383521591,-0.015853716680512546,0.005998158735524844,-0.012744194958178886,0.0036820414450734786,1.0,-0.019165927498767426,0.011218300852412651,-0.010359588332634522,0.011107137335866312,-0.015632447345384517,-0.005363346617553026,0.012503794378483781,0.022348999021030116,-0.033807587199883055,-0.01396870394386936,0.01311359574478262,0.020015041038698837,-0.0029661597079879364,-0.02675395910952175,-0.016020827984216907,0.004385374999667004,0.02036651518434697,0.0016412245643220847,0.00987164900822836,-0.017852945763816064,-0.0012569241030229055
Q21_16,0.005695159048540083,0.0018631344298836708,-0.018224276796264212,-0.0030387212685423427,0.005740150058075084,0.004738055785465787,0.019993067812528714,-0.018052164529574373,0.01014782801629887,-0.013912960190756354,-0.017261160964233208,0.006214362445804221,0.011465464218776242,0.011517286217502603,-0.009857147333325284,0.0017995979035619787,-0.003708450320826868,-0.013754271847613695,-0.023762008495718374,0.02457690381542972,0.01191105049583272,0.0032093130366645864,-0.011381773628549025,0.0004929288579106176,-0.001350773363812121,-0.009181122654884686,0.024969778442038952,-0.007584254793732428,0.018821571830330574,0.03628382658546575,0.015648663053373042,0.006123830895865916,-0.019165927498767426,1.0,0.012743334755664502,0.019000806743351223,0.012706580834183613,0.022828723068206005,0.005883253575463653,0.013958556453992615,-0.005876058643466104,0.010600255903418326,-0.03222226198131968,-0.015552342450323147,0.010943483462868494,0.02060926023029193,0.018750324816979632,-0.0004643394846282249,-0.005041479704109388,0.00383352737278225,0.007310631929803403,-0.014239386936490489,0.01261563447340605,-0.0029624203077246243
