,Q16_1,Q16_2,Q16_3,Q16_4,Q16_5,Q16_6,Q16_7,Q16_8,Q16_9,Q17,Q19_1,Q19_2,Q19_3,Q19_4,Q19_5,Q19_6,Q19_7,Q20,Q21_1,Q21_2,Q21_3,Q21_4,Q21_5,Q21_6,Q21_7,Q21_8,Q21_9,Q21_10,Q21_11,Q21_12,Q21_13,Q21_14,Q21_15,Q21_16,Q21_17,Q22_1,Q22_2,Q22_3,Q22_4,Q22_5,Q22_6,Q22_7,Q22_8,Q22_9,Q22_10,Q22_11,Q22_12,Q22_13,Q22_14,Q22_15,Q22_16,Q22_17,Q22_18,Q24,Q25,Q26,Q27,Q28,Q29,Q30,Q35,Q116,Q36,Q117,Q37,Q38,Q39,Q40,Q41,Q42,Q43,Q44,Q45,Q46,Q47,Q48,Q49,Q50,Q51,Q52,Q53,Q54,Q55_1,Q55_2,Q55_3,Q55_4,Q55_5,Q55_6,Q55_7,Q55_8,Q55_9,Q55_10,Q55_11,Q55_12,Q55_13
Q16_1,1.0,0.0,0.0,0.0,0.001186146034636194,0.0,0.0010652305659963456,0.010935780651019631,0.0,0.0,0.0005292427262032519,0.0018872274264564216,0.012447786690645512,0.013341214953949326,0.0,0.0034845911589066495,0.009979595552097795,0.0,0.004691955349514029,3.00573006670421e-05,0.0,0.0030745981777300173,0.0,0.006181937409108683,0.009662691392903123,0.00021984431244652337,0.00044957878764842913,0.0030181724167191782,0.014952719926325428,0.006598820385663305,0.00356456473345214,0.0,0.01341489564396537,0.005695159048540083,0.0001898262605809424,0.0,0.0,0.0,0.0,0.0,0.0,0.0,0.025085128573398837,0.0,0.020257170150403875,0.0,0.0027177709891951975,0.0,0.006403857720926942,0.0,0.009452963490866653,0.022133157887117796,0.006150328614884505,0.0,0.0008572933782906055,0.0,0.004056577552976661,0.0,0.003304428817573904,0.006206047555153958,0.0,0.0,0.0165214578773051,0.0,0.011804224245051748,0.0,0.0016735711775422498,0.0,0.0033353762303263705,0.0,0.0,0.00014055803835487206,0.008938641316978626,0.0035340510723688846,0.0,0.0,0.008466385006189675,0.008372044746679979,0.0,0.0,0.02042615719006762,0.0,0.004974468508397777,0.011126271948727345,0.0017571147996188342,0.0005003947271637834,0.0030775378755143845,0.0037795118221862073,0.0,0.0,0.0,0.0,0.01770710514976848,0.0,0.00019026129645374081
Q16_2,0.0,1.0,0.002485704383960863,0.01590372071229246,0.0,0.0,0.01182321774738373,0.016474480954134584,0.006452440147738027,0.0,0.0034954845773219633,0.0,0.008514420200224727,0.0,0.01996712109906599,0.003251627884120338,0.0018208785227323788,0.0,0.0,0.0,0.011382521824581703,0.0,0.0040051037680194435,0.0,0.0040880831971973185,0.006861079443043255,0.019665296706943506,0.03410313338806775,0.01522909396203277,0.018539323404716892,0.029354573544261915,0.015531031040998103,0.0,0.0018631344298836708,0.0,0.002659863227634139,0.006090348798230376,0.017489878265229866,0.0,0.0,0.024693835917153746,0.010466282166848416,0.01093605223723246,0.00043873788354499826,0.0,0.009642936097049968,0.0,0.0,0.0,0.0,0.0,0.0,0.0,0.0,0.028621448110885312,0.004049666136149626,0.011578604676553616,0.00855028164060077,0.0,0.0,0.00015313019439313738,0.0,0.0038818822357010777,0.009338591170967926,0.0,0.0,0.0,0.0,0.0,0.0,0.0,0.0,0.0,0.0,0.0,0.0017285843968902915,0.0,0.0,0.0,0.0,0.0,0.008741843322713046,0.0,0.0,0.0,0.0,0.0,0.0,0.0,0.0,0.0,0.0,0.0,0.0,0.0
Q16_3,0.0,0.002485704383960863,1.0,0.006083037227319639,0.020406674357544282,0.0,0.0,0.020016872542599953,0.0,0.0,0.012945199814405936,0.0,0.0,0.01187479479880389,0.0,0.00021894181361315482,0.008316282959537622,0.006710601015810908,0.0,0.02244477296301694,0.012863425436808299,0.019351471139398942,0.0,0.012950092914886118,0.0,0.0014007231712672397,0.0,0.0,0.005468840163615796,0.022713050063580476,0.0,0.027681303872889373,0.0,0.0,0.0,0.00629421326172189,0.011854218001722417,0.00566838922918056,0.0,0.0,0.0,0.004951379836425821,0.001264199146650454,0.014852556631935725,0.0,0.0,0.015074414065121541,0.009384117430948585,0.0,0.0,0.0,0.0,0.0,0.0,0.0,0.0,0.0005723608626579706,0.0040559070248333134,0.0,0.0,0.008521940646256207,0.0061619347127167216,0.010819705847574853,0.0,0.0,0.005781760976227035,0.01520530311775925,0.0011499249599170652,0.0015141852349311042,0.006143946097220511,0.0,0.02245672668265003,0.014059518877391144,0.0002517341860695805,0.001521103355942407,0.0,0.0072524606361715465,0.0,0.020158346374519364,0.0,0.0,0.011646809244570039,0.0032534488835927154,0.01082560837787302,0.00522302501822342,0.006020942427655582,0.008172376032183655,0.01587405412973393,0.017784057761367687,0.006721818939712675,0.007033376829506358,0.0,0.004012262034939233,0.030638539161980425,0.012605911280413032
Q16_4,0.0,0.01590372071229246,0.006083037227319639,1.0,0.003150366220099756,0.0,0.0,0.012615115587161774,0.008274904085979888,0.0028204898727211083,0.006866895642993793,0.005440070898291292,0.0,0.000451718871434387,0.0,0.00718980243839356,0.00601176077203436,0.011095725183495265,0.0,0.019234837295704823,0.008129256659262134,0.001610426843863522,0.0,0.0,0.0,0.0031010657549804775,0.008969398513855456,0.0,0.002008209451645953,0.0022716106852263065,0.0,0.0,0.0,0.0,0.039665496645849736,0.0,0.0,0.0,0.0,0.0023888672532091106,0.013436922745609611,0.0,0.001614166323954506,0.0,0.0,0.013100954984915678,0.008295913507538616,0.0032911389274145986,0.016080504321286465,0.0,0.0012074928040900943,0.016216217592998954,0.03378051660286126,0.0076670786660118125,0.0,0.0030561674498043342,0.0014564194673614044,0.0,0.0,0.012607929573431986,0.0,0.0,0.0,0.006964715887610857,0.0,0.0,0.0,0.0,0.002755642298536967,0.0,0.004792220086678462,0.0,0.0,0.0,0.0,0.0,0.0,0.00803681426345844,0.0,0.0,0.0,0.0,0.0042929572043557815,0.00707072304021758,0.0,0.0,0.0,0.0,0.0,0.004496693553996618,0.0,0.0,0.0,0.0,0.0
Q16_5,0.001186146034636194,0.0,0.020406674357544282,0.003150366220099756,1.0,0.0,0.0,0.022139020051376773,0.0088332979443474,0.005466480328009476,0.008322837932027195,0.0,0.0013403019410525034,0.0,0.0,0.0008293030446305852,0.006617945669775389,0.0,0.0,0.019380905474356256,0.0,0.02071658188324734,0.0,0.0,0.001373501521132872,0.0,0.0,0.010655666892001245,0.0013645975171039603,0.022134632685499422,0.0,0.013735118687800805,0.0020475752585378086,0.005740150058075084,0.0,0.0,0.0,0.0,0.012874922057074422,0.019798634867024895,0.0021707315744027298,0.015835242817093066,0.0,0.01149089431912156,0.0,0.0,0.0,0.0,0.0,0.012158565758767545,0.0,0.0,0.004372756274916425,0.0,0.0,0.0,0.0,0.0,0.0,0.0,0.013589468858299593,0.0045651261227097365,0.0,0.003964867691311745,0.012075663973396288,0.0,0.02059485459410681,0.012125008712852105,0.01657627389487834,0.0,0.00027104713368095916,0.01396051345400038,0.0026971793356774273,0.0036438492663150718,0.0,0.0,0.028850032273855387,0.0,0.010638479949436166,0.011840899319651342,0.01827938996037361,0.02279546347089793,0.0,0.0,0.011725605628720109,0.019347660553943036,0.0036921000851539588,0.02185010644678678,0.003405327577563462,0.005105853776965992,0.0,0.014268218498368356,0.002838928238122845,0.0,0.007456378752541304
Q16_6,0.0,0.0,0.0,0.0,0.0,1.0,0.0,0.020923411405261674,0.0,0.010097120332580986,0.0,0.0,0.0134801617180127,0.0,0.0,0.0,0.004982394095034735,0.002964313675257914,0.004703568568923003,0.0,0.0,0.0,0.003968900965152181,0.010944385188073082,0.003859707364952025,0.00020228429570396975,0.0,0.0,0.0,0.0,0.0,0.0,0.015125301100755877,0.004738055785465787,0.0015404472477629043,0.0,0.0,0.0,0.0,0.0,0.0,0.01037743419132317,0.0,0.019882794767915022,0.0,0.0,0.03172052277050256,0.0,0.019162916459094306,0.002205827643294552,0.02026396554127548,0.0,0.0,0.022787835019034555,0.002319838571962902,0.012590401695566661,0.015108590981493392,0.0034281380232628004,0.0,0.013996568167373246,0.00703901175583756,0.015726721049331576,0.003113358490069221,0.0054003515788348215,0.02251391830215127,0.023114561732829296,0.019468815742380345,0.004131724425253695,0.003846150288914115,0.027876377781851074,0.02977768442470765,0.014394834723961447,0.009761423161619638,0.0,0.00856454223139863,0.02545635926772137,0.023995718211427586,0.024581928065914457,0.0,0.02325826994353038,0.015661496446606648,0.002696840446720017,0.0052597418627118005,0.022265366641394856,0.026741254171139563,0.004935249919381783,0.0034918740459495947,0.013688208054303515,0.007218751565443689,0.021242496994055022,0.036291014475856434,0.018580821347583737,0.007218059599202711,0.03228493066553414,0.0
Q16_7,0.0010652305659963456,0.01182321774738373,0.0,0.0,0.0,0.0,1.0,0.0,0.00685357760056775,0.0,0.0,0.014103916923672244,0.009358744396514905,0.0,0.02014001672838354,0.0,0.0,0.0033027134583826674,0.0,0.02066050492799646,0.0,0.0,0.01140593267665274,0.0,0.0015658105983743476,7.655902590217207e-05,0.0,0.0,0.01033314338891084,0.0,0.0026554236494988823,0.006402334599023637,0.0065322745868468925,0.019993067812528714,0.0,0.0242251913530618,0.008769593495601254,0.0,0.027723713936807764,0.0,0.0018039215953380135,0.0,0.0019945387903960543,0.0,0.0,0.0036526990497602807,0.006321640013051854,0.00639753189017727,0.010563511803172974,0.0025492667646466894,0.0,0.0,0.009008656846454315,0.028550474505274464,0.009170619420798278,0.008541776508065443,0.005190267935068613,0.006402968754433886,0.0034367627713012224,0.013905303205028152,0.0,0.0,0.010334819434145987,0.0,0.0,0.0,0.0015488760472608324,0.01676096082994289,0.0,0.0005412168285895995,0.0,0.0,0.0,0.0,0.0,0.0,0.007462806841960372,0.01252842362714786,0.006998671816771303,0.0,0.0,0.0,0.0,0.0,0.0,0.0,0.0,0.008873328264491906,0.0,0.0,0.0,0.0,0.0,0.0,0.0
Q16_8,0.010935780651019631,0.016474480954134584,0.020016872542599953,0.012615115587161774,0.022139020051376773,0.020923411405261674,0.0,1.0,0.0,0.0037992084962980574,0.0,0.01677597841709848,0.014813953258980854,0.021348454680255115,0.0,0.0,0.0011361433286512215,0.0,0.0,0.0,0.0,0.0,0.010347268858742965,0.0,0.006317613174359169,0.0,0.0,0.0,0.004661306706514372,0.0,0.011785605482198782,0.010602055704088021,0.0,0.0,0.0,0.0,0.004209459887569979,0.0,0.021411731476130617,0.0,0.0022105476016805437,0.0,0.0,0.0,0.004739826968683668,0.007431669765356945,0.004578579629335558,0.0,0.007376737148420131,0.010912483826277231,0.0,0.007172362378721107,0.0,0.005972394770640088,0.008176383373618116,0.00392054823689359,0.0019575954245763206,0.0,0.0,0.0,0.0,0.024579764198961174,0.0,0.017543283764174897,0.0015298160637234354,0.0,0.00036142333300111804,0.0,0.01277309636518516,0.02505587909134751,0.000721668311700345,0.0,0.028180983912870092,0.014194051736058028,0.012926668961691538,0.008473173147895226,0.011769173453565408,0.020004836047649105,0.013637025408965336,0.012368149723587255,0.022250874718962636,0.01827336756184261,0.01210948299846396,0.005399509183498347,0.011106247113775324,0.023571513668068703,0.014567605794752688,0.018241230226313177,0.019435076484191707,0.010925019385324232,0.007247280364753245,0.01572104194054227,0.02471521945005696,0.0052612505532877414,0.0032504009019798997
Q16_9,0.0,0.006452440147738027,0.0,0.008274904085979888,0.0088332979443474,0.0,0.00685357760056775,0.0,1.0,0.0,0.0,0.0033846225977435976,0.0,0.001133376494380906,0.0,0.0,0.0,0.016463074390203877,0.011574264504374336,0.0,0.0038503428834954848,0.022397665608447557,0.0,0.0029923140225968795,0.01263382180329895,0.0,0.0,0.0,0.0,0.0,0.0,0.0,0.0,0.01014782801629887,0.0,0.0,0.0,0.0,0.01009048246875885,0.012110247567749734,0.0,0.0,0.0,0.0,0.0,0.02094035669655955,0.0,0.012361884226291317,0.0,0.0,0.0,0.027687591075416133,0.0,0.026070354219222425,0.0012335915942371896,0.0,0.014935196797727006,0.005481619496045145,0.012148402923491817,0.00560602749552458,0.0,0.015398550791525306,0.014858203234762455,0.013486414475918359,0.01454351512008728,0.004299754708273709,0.005473651552899992,0.0,0.0,0.005922771812862486,0.0314888005790918,0.003832125002976835,0.018348451126517774,0.017692924692082144,0.0018329825927189108,0.008041989780613299,0.017504874199237772,0.013671807367052957,0.03057910694151033,0.018302618339263742,0.02238157600381099,0.017386461847378663,0.010912228061762333,0.004180465198871847,0.0015630452641194996,0.010097467430248112,0.005441262899020136,0.0017323623230148398,0.02153731211526382,0.016354944632879852,0.0002889725777114576,0.02639870841757712,0.017782054800211666,0.018925545990257062,0.0
Q17,0.0,0.0,0.0,0.0028204898727211083,0.005466480328009476,0.010097120332580986,0.0,0.0037992084962980574,0.0,1.0,0.0,0.0,0.0,0.0027304455433920646,0.0,0.0,0.04195755566562239,0.0,0.019938411723954105,0.0,0.002797429234062346,0.0,0.009266754572719712,0.0,0.005110435517370505,0.0,0.0,0.0007422255012944125,0.0,0.010445052448773898,0.0,0.0032111231162775954,0.0,0.0,0.0,0.0,0.0007741322207650349,0.0019600266175266996,0.0028579070096542663,0.0,0.0,0.0,0.011906707718457206,0.0,0.011214037696634874,0.005225204021752976,0.0,0.0,0.008565265605565316,0.0,0.011598252720441335,0.008596970065901093,0.01411892899481416,0.0,0.021425050282434306,0.01686231967266109,0.015192910539172594,0.0024584648307473507,0.009941954142279188,0.004746001483041398,0.0,0.0,0.0,0.0012297041098292846,0.0,0.0,0.0,0.0,0.010881767830542084,0.0,0.0,0.0,0.0,0.0,0.0,0.0,0.001393801751768931,0.0,0.0137686226981372,0.0014741083348021895,0.0008924337009878574,0.0,0.0,0.0,0.013783228090660795,0.0019444736695203538,0.0,0.0,0.021616970836786483,0.009632610883111318,0.00402377933453821,0.0,0.0,0.0,0.0
Q19_1,0.0005292427262032519,0.0034954845773219633,0.012945199814405936,0.006866895642993793,0.008322837932027195,0.0,0.0,0.0,0.0,0.0,1.0,0.0,0.0,0.006210224333680418,0.0,0.027116212150625384,0.0,0.012384870333196055,0.003590827997381586,0.0,0.0,0.0,0.0,0.0,0.021515599058739187,0.005679888451453626,0.0,0.0013963535667887743,0.01176742581604423,0.016684904284718374,0.0,0.0019088341434731623,0.0008896267781697671,0.0,0.0,0.0,0.0214816674157577,0.0,0.009513510420396321,0.0,0.007100879684545164,0.0,0.013557232823078655,0.0,0.0,0.006742441301545462,0.0,0.0,0.002509956248096195,0.0,0.0020675632543851862,0.0,0.0,0.015272332481423343,0.010714169901196838,0.03148628587872961,0.002116939753797914,0.015181283421773167,0.015518704480588631,0.014103472889127057,0.0,0.0,0.004590099193546375,0.0,0.0,0.0,0.0,0.0,0.0,0.0,0.0,0.011229417127166417,0.0,0.0,0.0,0.0,0.0,0.0,0.0,0.0,0.0,0.0,0.00319090368910729,0.003128410244469441,0.0,0.0,0.0,0.0,0.0,0.0,0.0,0.00533080683956093,0.0,0.0,0.0
Q19_2,0.0018872274264564216,0.0,0.0,0.005440070898291292,0.0,0.0,0.014103916923672244,0.01677597841709848,0.0033846225977435976,0.0,0.0,1.0,0.020940408569141294,0.0012247119990769272,0.0,0.0,0.024726489341454157,0.005783639472308857,0.0,0.0,0.01136315691768544,0.01105725876777102,0.0,0.0054003344103097225,0.0,0.002292099734233495,0.004828481299278425,0.013877448260388272,0.0,0.0,0.0017832127759297336,0.0023836011054943983,0.009838555731785796,0.006214362445804221,0.023019825065061065,0.03809686577178246,0.0,0.0,0.0025828141480595756,0.0,0.0,0.020606704286036885,0.0021603525041171212,0.022133078536080795,0.003924874564725451,0.012913103217994925,0.0,0.0,0.0,0.011502918532632437,0.0,0.004897977464317965,0.0,0.014666702163331179,0.035497016038352515,0.0039790654585473385,0.018864519821952752,0.012089240702585614,0.01985790252902163,0.01881945857560428,0.0,0.012170696972870964,0.0011654857183785634,0.0020452575547208283,0.0,0.0,0.00525168094045298,0.00916003804635661,0.0,0.00559481607436245,0.0,0.0,0.002070869006159711,0.0,0.01100489771470496,0.0,0.015134461306752158,0.0,0.0,0.0181720018130512,0.005989322586949049,0.0,0.0,0.002654098970942393,0.0,0.00911250469127553,0.019466454659344087,0.0011902495113735119,0.0,0.0,0.015940690578529447,0.009892725840170757,0.0036845524515743155,0.0,0.0
Q19_3,0.012447786690645512,0.008514420200224727,0.0,0.0,0.0013403019410525034,0.0134801617180127,0.009358744396514905,0.014813953258980854,0.0,0.0,0.0,0.020940408569141294,1.0,0.010407274356977407,0.009063774698576652,0.0013443655740988688,0.020626715161848656,0.009414119610779606,0.00398675605280984,0.0,0.012868233586404758,0.016879703209551487,0.007295962973229815,0.0,0.012849810515992566,0.0,0.017976213301966144,0.0,0.02512275551797426,0.0,0.01759713457754975,0.0,0.0,0.011465464218776242,0.02510528526299437,0.0,0.0,0.0,0.003739587901946707,0.0,0.047118318434149604,0.0,0.0,0.0,0.021310191528736547,0.031122685536596015,0.005898577310222853,0.009455996128346697,0.01634248151834374,0.000544576999128872,0.007388469402374165,0.0,0.020839369346362394,0.0,0.0,0.0010609334876002015,0.0,0.0,0.0,0.0,0.003972471060944185,0.011899355988591185,0.0,0.012409702308918583,0.011224705126392348,0.0008740767573485962,0.014576781577552997,0.019036591542162352,0.02216047822847341,0.03545654276992607,0.003818272448646071,0.012286827448367774,0.003998763186344951,0.0,0.023725744984131086,0.01946676289363918,0.011208138768778289,0.021492804381425867,0.0,0.0,0.011547426250260659,0.0,0.007513614163155166,0.00357384379762384,0.005832305426584367,0.011050956962830493,0.018085455896284373,0.019738742512312907,0.010379753637243852,0.0,0.01231529603420699,0.0,0.012135240951225488,0.028349140368887818,0.007534254315805467
Q19_4,0.013341214953949326,0.0,0.01187479479880389,0.000451718871434387,0.0,0.0,0.0,0.021348454680255115,0.001133376494380906,0.0027304455433920646,0.006210224333680418,0.0012247119990769272,0.010407274356977407,1.0,0.02605717376818856,0.007515521623127885,0.0054179587875544475,0.0,0.0,0.0049306324201149635,0.0,0.0,0.011342994454041962,0.014248132382414192,0.007159954091373252,0.00036292036085194476,0.0,0.007017962708763188,0.0,0.008325544332313304,0.009124755272174415,0.0,0.006749160185372735,0.011517286217502603,0.022774223031326337,0.006058157094657047,0.0,0.009083655598979655,0.015947697893989726,0.0,0.0,0.016086781888803657,0.0009488235122219413,0.00959950081656592,0.0,0.0,0.015767784259338082,0.0,0.0,0.00015399023533817406,0.0063884089095157266,0.0,0.005183952217155642,0.0,0.0,0.002385742375318323,0.021320604188820168,0.0,0.0,0.005387086433872906,0.0,0.0,0.0,0.0,0.0,0.0,0.0,0.009295861474125821,0.0,0.0,0.0,0.0,0.0,0.0,0.0,0.0,0.0,0.0,0.0,0.0,0.0,0.0,0.0,0.0,0.0,0.0,0.0,0.0,0.0,0.0,0.0,0.0,0.0,0.0,0.0
Q19_5,0.0,0.01996712109906599,0.0,0.0,0.0,0.0,0.02014001672838354,0.0,0.0,0.0,0.0,0.0,0.009063774698576652,0.02605717376818856,1.0,0.0,0.02334898752263003,0.005223009838606218,0.0,0.0,0.0,0.0,0.0,0.0,0.0,0.0,0.0,0.0,0.0,0.0,0.0,0.0,0.028377646448532905,0.0,0.0,0.0,0.0,0.0,0.005136845376779687,0.009063413052257687,0.0,0.0,0.0004154495693636657,0.0,0.012447500663318723,0.0019352323968971565,0.016180565442779148,0.0,0.009841012689058546,0.0,0.00532426753598398,0.0,0.0,0.001366070410184909,0.0,0.0,0.0,0.0,0.0,0.0,0.0,0.0,0.0,0.0,0.0,0.0,0.010687730225489724,0.0,0.0,0.0,0.0006362023263346497,0.010692412001319589,0.0,0.0038115533847511607,0.0029055326373210173,0.0,0.0,0.005969474581258246,0.0,0.014614493505852632,0.0035578699619355668,0.0,0.0,0.0,0.0011727681363874983,0.0,0.0,0.0,0.0,0.0,0.0,0.0,0.0,0.0,0.00837529003712841
Q19_6,0.0034845911589066495,0.003251627884120338,0.00021894181361315482,0.00718980243839356,0.0008293030446305852,0.0,0.0,0.0,0.0,0.0,0.027116212150625384,0.0,0.0013443655740988688,0.007515521623127885,0.0,1.0,0.0,0.002832964399995842,0.0,0.0014850241229513736,0.0,0.0034995945999046754,0.0024315711351402805,0.013096740174940683,0.0,0.0,0.0,0.0,0.003672126565870173,0.003223715376004242,0.0,0.009337713778657098,0.0,0.0017995979035619787,0.0,0.0,0.015330908473295218,0.0,0.0068211284696994825,0.009441312375923903,0.007117637496333945,0.0,0.004978482484265791,0.008000495841108244,0.0,0.006870471590960498,0.0,0.007243633200881288,0.01137939857924552,0.0,0.0,0.012096900450187053,0.0,0.0,0.0,0.0,0.0,0.0,0.0,0.0012699065119651852,0.0,0.0,0.0,0.0041159643960583785,0.0,0.0,0.0,0.0,0.020544124921531317,0.019291637247407158,0.0,0.0,0.0,0.0,0.0,0.0,0.006569558102823559,0.010861732448799304,0.0,0.0,0.0,0.0,0.0,0.0005772207966020935,0.0,0.0035578746365440856,0.0,0.0,0.0,0.0,0.0,0.0,0.0,0.0,0.0
Q19_7,0.009979595552097795,0.0018208785227323788,0.008316282959537622,0.00601176077203436,0.006617945669775389,0.004982394095034735,0.0,0.0011361433286512215,0.0,0.04195755566562239,0.0,0.024726489341454157,0.020626715161848656,0.0054179587875544475,0.02334898752263003,0.0,1.0,0.0,0.0005854061075768198,0.0,0.0,0.02408026107310594,0.0,0.024298929300154707,0.0,0.0,0.0,0.0,0.0,0.021558519513553646,0.026128420342874645,0.0,0.02579629633607862,0.0,0.0,0.0,0.008780632440055409,0.0,0.035437015057085,0.0,0.009623263553296808,0.0,0.009468718676588111,0.0,0.0027451718484115873,0.013076218622846993,0.0,0.0,0.0008336030886722981,0.0025844630568843093,0.010824236382155088,0.0132084879650341,0.0,0.0,0.0,0.006872140028061158,0.0,0.009880165242823698,0.0,0.015102933477202055,0.0,0.0,0.0,0.0016510296904783661,0.004934518420795323,0.0,0.009341075253174595,0.0027164832301905147,0.009976338430978294,0.018563032437362296,0.005489316662577202,0.016976640414995456,0.013199258221792194,0.014131360164907408,0.008650530794745533,0.006920427552574648,0.026740518232927148,0.0029785906718542824,0.0039788965172109555,0.003902906796216568,0.015290905729639844,0.0,0.01971938477538477,0.006349963667431887,0.004656737133314168,0.0004675509639289685,0.00992484221501576,0.007131741647282152,0.0028087251403746917,0.01679733778719031,0.013072872196883033,0.006793042029409584,0.005321884081660995,0.004244287960577308,0.004663785677413674
Q20,0.0,0.0,0.006710601015810908,0.011095725183495265,0.0,0.002964313675257914,0.0033027134583826674,0.0,0.016463074390203877,0.0,0.012384870333196055,0.005783639472308857,0.009414119610779606,0.0,0.005223009838606218,0.002832964399995842,0.0,1.0,0.022702591747523218,0.0,0.0,0.00858818601301389,0.0199836476905531,0.009596642674557404,0.0,0.01628364564980745,0.002908619498629183,0.014678784640525674,0.011003159544505243,0.0,0.0,0.0034240245407229693,0.02313201289836313,0.0,0.0,0.0,0.001684266730723992,0.0,0.0,0.0,0.008677844331586068,0.0,0.0,0.0,0.0,0.0,0.010212398284992824,0.0,0.00888361747251552,0.0,0.0,0.0,0.0,0.0,0.0,0.0,0.0,0.0,0.0,0.0,0.0,0.002428620176818843,0.007819123438432139,0.0,0.0,0.0,0.0,0.0,0.028030115530390608,0.0,0.0,0.01567372421537273,0.0,0.0,0.0,0.0,0.00011812539826181256,0.0,0.005513636005878737,0.0034283671484487428,0.0,0.0,0.003743002493218366,0.010778846267322676,0.0,0.0054335684032512654,0.0,0.0,0.0,0.009276603802580745,0.0,0.0,0.0,0.0,0.00047693731386219224
Q21_1,0.004691955349514029,0.0,0.0,0.0,0.0,0.004703568568923003,0.0,0.0,0.011574264504374336,0.019938411723954105,0.003590827997381586,0.0,0.00398675605280984,0.0,0.0,0.0,0.0005854061075768198,0.022702591747523218,1.0,0.008421440454966839,0.0,0.0,0.0,0.0,0.0021859148789634846,0.002411693497445132,0.0,0.011430452726031829,0.0,0.011548689143702766,0.004419651156669235,0.009158368545195007,0.0,0.0,0.0,0.0005180011948225947,0.01564870700736558,0.0,0.0,0.0,0.0,0.0,0.00933089358575396,0.0,0.0,0.0,0.011605773646732407,0.010084226110671456,0.004982483617446791,0.0,0.00034715491396658223,0.0,0.0,0.003952165862237834,0.0,0.0,0.003764428635478029,0.0,0.0017391113568450383,0.0,0.018313404874707825,0.011229569137990999,0.015460378567573207,0.015783853380065865,0.012088824163539402,0.008245025771772718,0.015967766757002348,0.033319871314965735,0.0026542382604172817,0.0,0.0010708968251027288,0.02047351804101928,0.01705667847272569,0.011812595360287427,0.021076047001140383,0.0026073758644904136,0.012204658051316002,0.026019664716491732,0.012209495568615718,0.008434576007320754,0.021317484121180563,0.008922779465959228,0.016481053884850178,0.03127749533679573,0.018619622038506214,0.00800434443878771,0.01960152358436315,0.001370735371003861,0.0,0.005508447377050675,0.02173979574835261,0.011772713477697894,0.022375700996799277,0.015407023882490689,0.0
Q21_2,3.00573006670421e-05,0.0,0.02244477296301694,0.019234837295704823,0.019380905474356256,0.0,0.02066050492799646,0.0,0.0,0.0,0.0,0.0,0.0,0.0049306324201149635,0.0,0.0014850241229513736,0.0,0.0,0.008421440454966839,1.0,0.005179592581554042,0.0,0.006751302122980723,0.021737752655550228,0.0,0.0,0.0,0.010018382436845856,0.0,0.012626148893218269,0.0,0.0021929207495961136,0.0,0.02457690381542972,0.0011920300357062966,0.0077146948429149195,0.014742036769361104,0.013792936214214709,0.03589088437923513,0.0,0.013231989694721273,0.0,0.002568378820830307,0.0,0.006329093294145357,0.006810380767995339,0.007729946530565484,0.0,0.0,0.0,0.0,0.0,0.0,0.0,0.0,0.0,0.0,0.01787270682719089,0.0026092235455027874,0.0055857976765967725,0.013454779004221137,4.5543605627730977e-05,0.01211909456398918,0.0,0.023894314041191647,0.0029270350628306237,0.0071190855579562964,0.0,0.008118645092771914,0.0,0.0,0.0073941001623581935,0.0,0.013749948088336107,0.012882606430514898,0.00795185785206802,0.0,0.0,0.01599687358505974,0.010879897712748998,0.0,0.0028417971306825816,0.0,0.00722224503263624,0.0191880333927531,0.0,0.020247048236489054,0.011552520599852099,0.013028311613705426,0.017690291533857913,0.012589216009665376,0.005524414004583788,0.014169438945281547,0.023196945797434677,0.0066282835247337725
Q21_3,0.0,0.011382521824581703,0.012863425436808299,0.008129256659262134,0.0,0.0,0.0,0.0,0.0038503428834954848,0.002797429234062346,0.0,0.01136315691768544,0.012868233586404758,0.0,0.0,0.0,0.0,0.0,0.0,0.005179592581554042,1.0,0.007617860940652598,0.0,0.0,0.024166400023222564,0.006129476759220368,0.017604870053727083,0.018369110964440286,0.013122056067512326,0.00192334923297806,0.0,0.028707214964515074,0.0,0.01191105049583272,0.014232516062112172,0.0010419695091406955,0.0,0.0,0.0,0.0,0.009348652686448742,0.008977643097155706,0.005934580743261963,0.011755945313084739,0.02017320697672299,0.008841364403114569,0.0,0.005301267569220854,0.0031094151975842002,0.007569130477417969,0.0,0.0,0.008369364328104114,0.0,0.00026564732687539696,0.0,0.005052120162492158,0.0,0.0,0.0,0.016141955019611444,0.004805891555388456,0.0,0.00696230909031736,0.010917662574110297,0.0039493236054936225,0.0,0.004703427793194117,0.016253329381644664,0.0,0.0,0.0,0.0,0.011250627665131668,0.005863557687617273,0.022436087694944158,0.00919446282760558,0.011321765500427355,0.0,0.006525662839781035,0.004044616735258783,0.0022306686161084445,0.0012588298089187498,0.0023402143837122588,0.0037269914354700518,0.006854944014320428,0.0,0.025554253918504504,0.0,0.023009984334534828,0.02710246297164731,0.004408231011079953,0.024790483898622057,0.015459750491781247,0.0
Q21_4,0.0030745981777300173,0.0,0.019351471139398942,0.001610426843863522,0.02071658188324734,0.0,0.0,0.0,0.022397665608447557,0.0,0.0,0.01105725876777102,0.016879703209551487,0.0,0.0,0.0034995945999046754,0.02408026107310594,0.00858818601301389,0.0,0.0,0.007617860940652598,1.0,0.0,0.0,0.0,0.01046782526765577,0.0,0.010330242884405013,0.026268154418311436,0.014786190271918907,0.0,0.0,0.006510839883601126,0.0032093130366645864,0.0,0.0,0.0070227359765755995,0.013434823557857516,0.005550628507607809,0.0,0.0,0.012801289794480962,0.017773174604403173,0.0,0.002765498592124798,0.0006681590731811808,0.0,0.0,0.0,0.0,0.0,0.0,0.0,0.0031730858754204596,0.0,0.019786131827846158,0.0,0.014496013454686072,0.0,0.0,0.0,0.0036082484435085134,0.0,0.003585382407148125,0.0,0.005780042894783857,0.0,0.011807238181239169,0.0026266928707650316,0.006937209213606426,0.0,0.0,0.0,0.0,0.0,0.0,0.0,0.0,0.005753728422463588,0.0,0.0,0.0023099803158086823,0.0,0.005956092222033253,0.0,0.0096793694261502,0.0,0.0,0.0,0.0,0.00882635990868823,0.0,0.0,0.0,0.0
Q21_5,0.0,0.0040051037680194435,0.0,0.0,0.0,0.003968900965152181,0.01140593267665274,0.010347268858742965,0.0,0.009266754572719712,0.0,0.0,0.007295962973229815,0.011342994454041962,0.0,0.0024315711351402805,0.0,0.0199836476905531,0.0,0.006751302122980723,0.0,0.0,1.0,0.0,0.003364584610675655,0.024874734399494745,0.0,0.0,0.001646170851303139,0.010907692116556409,0.0,0.01293683624141185,0.0,0.0,0.020460525821902532,0.0,0.0,0.008381171055598088,0.0,0.0009142245415128292,0.007185290615395364,0.0,0.0011010510088022047,0.026616507690422037,0.0,0.0,0.0,0.0,0.0,0.0031235316064930204,0.0,0.010877123093455388,0.0,0.0,0.02265921334522437,0.024180560017711843,0.01583740114410854,0.037064186932958286,0.017407619764716643,0.0006831283678141481,0.0,0.0,0.0,0.0,0.0,0.0,0.0,0.0,0.0,0.0,0.008567479103490374,0.018931654976494395,0.0,0.0,0.002183426073773987,0.0,0.008229409935716843,0.0,0.003204124382686414,0.0,0.0,0.0,0.0,0.0009846525427583866,0.0,0.0,0.0,0.0026354325435208256,0.01143986961821359,0.014180311241122127,0.0,0.010781511245481929,0.0,0.008294596229766655,0.0
Q21_6,0.006181937409108683,0.0,0.012950092914886118,0.0,0.0,0.010944385188073082,0.0,0.0,0.0029923140225968795,0.0,0.0,0.0054003344103097225,0.0,0.014248132382414192,0.0,0.013096740174940683,0.024298929300154707,0.009596642674557404,0.0,0.021737752655550228,0.0,0.0,0.0,1.0,1.6092004907641636e-05,0.0,0.0,0.003904979433534134,0.010359313217547524,0.0,0.0008813028310995108,0.0,0.0,0.0004929288579106176,0.0,0.010200620754911346,0.0,0.003660672649250114,0.004542609563666956,0.0,0.0,0.00126610748437282,0.0,0.010980452300720627,0.0014217668492655107,0.0034469772543330346,0.0,0.0,0.005018645862599711,0.0,0.0,0.0,0.0,0.01271640003779317,0.0,0.010281082952728969,0.0,0.009418942043572083,0.0013430572463766061,0.0005844933165060699,0.012352198400641373,0.01927025412999684,0.023376386314011215,0.025890870414737487,0.01377634688985808,0.012510974056343703,0.009610959919562283,0.020065601699554795,0.030625736263214923,0.002499845839818972,0.020299173810228763,0.013785738419639159,0.022431232582663663,0.028523685243875885,0.004642839431711128,0.0,0.0025145162867309567,0.026792813555453588,0.01143935492336204,0.029739588232242247,0.01806690157922362,0.036529719497418636,0.013577444760036915,0.015397400535285245,0.0174373939831672,0.016060684905899687,0.0070194009536022305,0.011293729904955202,0.024354320781569305,0.01954836882418733,0.01747831769374812,0.024662851276109756,0.0,0.01844479159082504,0.029845793578210243
Q21_7,0.009662691392903123,0.0040880831971973185,0.0,0.0,0.001373501521132872,0.003859707364952025,0.0015658105983743476,0.006317613174359169,0.01263382180329895,0.005110435517370505,0.021515599058739187,0.0,0.012849810515992566,0.007159954091373252,0.0,0.0,0.0,0.0,0.0021859148789634846,0.0,0.024166400023222564,0.0,0.003364584610675655,1.6092004907641636e-05,1.0,0.0,0.012000230880200588,0.020967131614968132,0.005548159001044014,0.00899277036195695,0.0,0.004920189732979272,0.026848571877105355,0.0,0.011692409132763443,0.0,0.0,0.020419503756532117,0.009179715781519254,0.0,0.0,0.003968760225316512,0.006134204043492343,0.01008644217179429,0.0,0.0,0.01851252433226027,0.0,0.034739235845659217,0.0050161764733252885,0.0,0.0,0.006886237353874528,0.0,0.0,0.0,0.0038779736177762046,0.004497287425004818,0.001003055048291686,0.0,0.004670918346154331,0.0,0.0,0.0,0.0,0.0,0.0,0.0,0.0,0.0,0.0,0.0,0.0,0.0023896953023148596,0.003181951799174933,0.0,0.005417513096151139,0.009903815472968208,0.0037173284632369104,0.0,0.0,0.0,0.0,0.0,0.0,0.0,0.00012136413427265126,0.002724637490215592,0.005953351412725528,0.0,0.0,0.0,0.011614889279184498,0.0,0.007022200411221128
Q21_8,0.00021984431244652337,0.006861079443043255,0.0014007231712672397,0.0031010657549804775,0.0,0.00020228429570396975,7.655902590217207e-05,0.0,0.0,0.0,0.005679888451453626,0.002292099734233495,0.0,0.00036292036085194476,0.0,0.0,0.0,0.01628364564980745,0.002411693497445132,0.0,0.006129476759220368,0.01046782526765577,0.024874734399494745,0.0,0.0,1.0,0.025581540816699635,0.013956524382743451,0.014091673350459244,0.004197203084100252,0.0,0.011661873371034796,0.012739077487188078,0.0,0.0,0.0,0.0,0.0,0.0,0.025013802706110724,0.0022373602395050706,0.0,0.0,0.004510758559585149,0.0007851215733035533,0.004607338250066373,0.001522303989090376,0.0,0.0,0.009908636139519283,0.0,0.0,0.027677763156747408,0.0,0.0,0.0,0.0,0.0,0.0,0.0,0.0,0.0,0.0,0.0,0.0,0.0,0.0,0.0,0.0,0.0,0.0,0.0,0.0,0.0,0.0,0.0,0.0,0.0,0.0,0.00027044242286040053,0.0,0.0,0.0,0.0,0.0,0.0,0.0,0.0,0.0,0.0,0.0,0.0,0.0,0.0,0.0
Q21_9,0.00044957878764842913,0.019665296706943506,0.0,0.008969398513855456,0.0,0.0,0.0,0.0,0.0,0.0,0.0,0.004828481299278425,0.017976213301966144,0.0,0.0,0.0,0.0,0.002908619498629183,0.0,0.0,0.017604870053727083,0.0,0.0,0.0,0.012000230880200588,0.025581540816699635,1.0,0.0030436675555908484,0.0,0.0,0.012799819835895562,0.007426979902556048,0.009856192962496728,0.024969778442038952,0.0,0.011524675190609505,0.0,0.008617546721071222,0.002905189482012766,0.0,0.026241744150857785,0.0,0.0,0.0,0.011518566032939747,0.016223566852521354,0.0,0.0,0.005375066954353226,0.01567948835569549,0.0022219340241183727,0.0,0.0,0.0,0.0,0.0073976549908949295,0.0,0.0,0.0,0.0,0.0,0.0,0.0,0.002718120337417898,0.0,0.0,0.0,0.0,0.0,0.0,0.0,0.0,0.0,0.0009551022622451735,0.0,0.0,0.0,0.0,0.0,0.0,0.0,0.006488561673606161,0.001073404893749871,0.0,0.0,0.0,0.0,0.0,0.0,0.0,0.0,0.0,0.0,0.0,0.0011635927227440202
Q21_10,0.0030181724167191782,0.03410313338806775,0.0,0.0,0.010655666892001245,0.0,0.0,0.0,0.0,0.0007422255012944125,0.0013963535667887743,0.013877448260388272,0.0,0.007017962708763188,0.0,0.0,0.0,0.014678784640525674,0.011430452726031829,0.010018382436845856,0.018369110964440286,0.010330242884405013,0.0,0.003904979433534134,0.020967131614968132,0.013956524382743451,0.0030436675555908484,1.0,0.0,0.003712940199066,0.0,0.014385584150521918,0.008148446383521591,0.0,0.019476529069068778,0.0,0.0,0.0,0.00824309759578218,0.0,0.0,0.007054782075227812,0.0010361394326154423,0.006790562571818538,0.0,0.0,0.01227414457346238,0.0,0.0,0.019961725416449392,0.0,0.0,0.0,0.0,0.0,0.0,0.0,0.0,0.0,0.006307308542686108,0.0,0.0,0.0006174911548477807,0.0,0.0,0.0,0.0,0.0,0.010727742984213313,0.0,0.0,0.0,0.0,0.0,0.0,0.0,0.0,0.0,0.0,0.0006912244869123542,0.0,0.0038223413612588574,0.0,0.0008929806124376179,0.0016866787970257538,0.0,0.0037219804599663894,0.0,0.0,0.0,0.0,0.0011696178666265294,0.0,0.0,0.0
Q21_11,0.014952719926325428,0.01522909396203277,0.005468840163615796,0.002008209451645953,0.0013645975171039603,0.0,0.01033314338891084,0.004661306706514372,0.0,0.0,0.01176742581604423,0.0,0.02512275551797426,0.0,0.0,0.003672126565870173,0.0,0.011003159544505243,0.0,0.0,0.013122056067512326,0.026268154418311436,0.001646170851303139,0.010359313217547524,0.005548159001044014,0.014091673350459244,0.0,0.0,1.0,0.0,0.009422503503537403,0.0,0.0,0.018821571830330574,0.01765055988438069,0.0018716831202357442,0.0,0.0,0.0,0.0,0.002274052812806459,0.00802194148231806,0.008864304817933271,0.0,0.0,0.011714242986753434,0.0,0.0,0.0027779334279220322,0.0027083467752303412,0.0,0.028497023703132576,0.01345674560411855,0.0,0.0,0.0,0.0,0.0,0.0,0.0,0.0,0.0,0.0,0.0,0.0,0.0,0.0,0.0,0.0,0.0,0.0,0.0,0.0,0.0,0.0,0.0,0.0,0.0,0.0,0.0,0.0,0.0,0.0,0.0007143930509774983,0.0,0.0,0.0,0.0,0.0,0.0,0.0,0.0012986239689697088,0.017237682824853905,0.004702834044185168,0.0
Q21_12,0.006598820385663305,0.018539323404716892,0.022713050063580476,0.0022716106852263065,0.022134632685499422,0.0,0.0,0.0,0.0,0.010445052448773898,0.016684904284718374,0.0,0.0,0.008325544332313304,0.0,0.003223715376004242,0.021558519513553646,0.0,0.011548689143702766,0.012626148893218269,0.00192334923297806,0.014786190271918907,0.010907692116556409,0.0,0.00899277036195695,0.004197203084100252,0.0,0.003712940199066,0.0,1.0,0.015973078012322218,0.01508183151855242,0.005998158735524844,0.03628382658546575,0.0,0.008655864562684981,0.014674999638094662,0.003815838998297739,0.009225619049116868,0.011689060051579882,0.02159343563491476,0.0,0.0,0.0051157181175323285,0.0022058635013496785,0.01881627268964604,0.0005302400673584879,0.01545701728953492,0.001064710608475281,0.0,0.0,0.0,0.0,0.0,0.0,0.0,0.016298585132554368,0.010003202679215875,0.0183622380010393,0.007352919650680298,0.0,0.0,0.003060368243151509,0.008149944100762918,0.00887155740055701,0.0,0.015866228099175348,0.0,0.023148430185359063,0.003830346519741376,0.004572098381258209,0.0,0.0,0.0,0.004272229880230259,0.0,0.015256005521988684,0.0,0.0,0.01657119689530801,0.0017829833701549964,0.0009554419464237598,0.0,0.0200048572252048,0.01048764468883286,0.005523063797017845,0.019739323703961233,0.0,0.008902077298871955,0.0005800437839641283,0.004118195147777041,0.0,0.011004543456614158,0.012095652455898798,0.005711328701752871
Q21_13,0.00356456473345214,0.029354573544261915,0.0,0.0,0.0,0.0,0.0026554236494988823,0.011785605482198782,0.0,0.0,0.0,0.0017832127759297336,0.01759713457754975,0.009124755272174415,0.0,0.0,0.026128420342874645,0.0,0.004419651156669235,0.0,0.0,0.0,0.0,0.0008813028310995108,0.0,0.0,0.012799819835895562,0.0,0.009422503503537403,0.015973078012322218,1.0,0.011703751160862556,0.0,0.015648663053373042,0.018366048931952674,0.01859775921992376,0.014318878592906696,0.007075755467729142,0.0,0.02424879848524486,0.0,0.0005444639330836023,0.0,0.00214218383434338,0.0057026563398401295,0.0,0.0,0.003975000136313872,0.002596653673411013,0.008049113452498992,0.0,0.0,0.0,0.0,0.0,0.007305594327888277,0.0,0.0,0.0,0.0,0.0,0.0,0.0,0.0,0.0,0.0,0.0,0.0,0.01356816704046752,0.0020369197100608464,0.0,0.004792664904077675,0.0,0.004363433413663387,0.0,0.0,0.003586910597111337,0.0,0.0,0.0,0.002442346437089163,0.0,0.0,0.0,0.0,0.0,0.0,0.0,0.0,0.022663874648205264,0.0,0.0022625624509308617,0.0,0.0,0.0
Q21_14,0.0,0.015531031040998103,0.027681303872889373,0.0,0.013735118687800805,0.0,0.006402334599023637,0.010602055704088021,0.0,0.0032111231162775954,0.0019088341434731623,0.0023836011054943983,0.0,0.0,0.0,0.009337713778657098,0.0,0.0034240245407229693,0.009158368545195007,0.0021929207495961136,0.028707214964515074,0.0,0.01293683624141185,0.0,0.004920189732979272,0.011661873371034796,0.007426979902556048,0.014385584150521918,0.0,0.01508183151855242,0.011703751160862556,1.0,0.0036820414450734786,0.006123830895865916,0.0,0.024736447534245382,0.005803503051248679,0.016071718147143515,0.005733845035361845,0.0,0.0,0.0,0.007749818611715306,0.010367007129233283,0.0,0.006223763640918898,0.0,0.0,0.0,0.02065601048028599,0.001481391600677031,0.0,0.0,0.0,0.0011112144234031733,0.0,0.0,0.007756824879501651,0.0,0.0,0.0,0.0,0.003474360150653462,0.0036005698780445503,0.0,0.004192441895474601,0.0,0.0,0.0,4.451624277813407e-08,0.003976731952791055,0.0,0.0,0.0,0.0,0.0,0.013082318466849497,0.0,0.0,0.0,0.0,0.014223192170725313,0.0,0.0,0.0,0.0,0.008581018421571482,0.0,0.0,0.0,0.0,0.0,0.006089117510348753,0.0016959200369023335,0.019001386921844925
Q21_15,0.01341489564396537,0.0,0.0,0.0,0.0020475752585378086,0.015125301100755877,0.0065322745868468925,0.0,0.0,0.0,0.0008896267781697671,0.009838555731785796,0.0,0.006749160185372735,0.028377646448532905,0.0,0.02579629633607862,0.02313201289836313,0.0,0.0,0.0,0.006510839883601126,0.0,0.0,0.026848571877105355,0.012739077487188078,0.009856192962496728,0.008148446383521591,0.0,0.005998158735524844,0.0,0.0036820414450734786,1.0,0.0,0.011218300852412651,0.0,0.011107137335866312,0.0,0.0,0.012503794378483781,0.022348999021030116,0.0,0.0,0.01311359574478262,0.020015041038698837,0.0,0.0,0.0,0.004385374999667004,0.02036651518434697,0.0016412245643220847,0.00987164900822836,0.0,0.0,0.004850674724496698,0.0,0.0054008415379026425,0.007768533193954922,0.0012447047884249474,0.018574081091852553,0.0029215541850523886,0.013843077428691366,0.01756567830288414,0.011815089101570158,0.0,0.018823995201903386,0.008399143398773502,0.007373116626497732,0.0015987665817447387,0.0,0.0009472735234150004,0.027924737909103162,0.009297534033769962,0.0,0.0005421813769427282,0.0,0.0026660627356193544,0.0,0.0014523013076204717,0.006037851790787447,0.0002364592253059766,0.0,0.008274659496957344,0.008162557334380111,0.0,0.0,0.0,0.0,0.015248912387934865,0.0056590705747538005,0.008771220898918158,0.0005236411807681366,0.0,0.003596200962285349,0.013965669657897972
