,Q16_1,Q16_2,Q16_3,Q16_4,Q16_5,Q16_6,Q16_7,Q16_8,Q16_9,Q17,Q19_1,Q19_2,Q19_3,Q19_4,Q19_5,Q19_6,Q19_7,Q20,Q21_1,Q21_2,Q21_3,Q21_4,Q21_5,Q21_6,Q21_7,Q21_8,Q21_9,Q21_10,Q21_11,Q21_12,Q21_13,Q21_14,Q21_15,Q21_16,Q21_17,Q22_1,Q22_2,Q22_3,Q22_4,Q22_5,Q22_6,Q22_7,Q22_8,Q22_9,Q22_10,Q22_11,Q22_12,Q22_13,Q22_14,Q22_15,Q22_16,Q22_17,Q22_18,Q24,Q25,Q26,Q27,Q28,Q29,Q30,Q35,Q116,Q36,Q117,Q37,Q38,Q39,Q40,Q41,Q42,Q43,Q44,Q45,Q46,Q47,Q48,Q49,Q50,Q51,Q52,Q53,Q54,Q55_1,Q55_2,Q55_3,Q55_4,Q55_5,Q55_6,Q55_7,Q55_8,Q55_9,Q55_10,Q55_11,Q55_12,Q55_13
Q16_1,1.0,-0.0035214234793586804,-0.0014092830101833551,-0.0024644880637095298,0.001186146034636194,-0.0191675720333334,0.0010652305659963456,0.010935780651019631,-0.003176078865439848,-0.016585449741866348,0.0005292427262032519,0.0018872274264564216,0.012447786690645512,0.013341214953949326,-0.0013712535251562544,0.0034845911589066495,0.009979595552097795,-0.009600504759275272,0.004691955349514029,3.00573006670421e-05,-0.00013344284848818474,0.0030745981777300173,-0.027713757446252475,0.006181937409108683,0.009662691392903123,0.00021984431244652337,0.00044957878764842913,0.0030181724167191782,0.014952719926325428,0.006598820385663305,0.00356456473345214,-0.017548052829828232,0.01341489564396537,0.005695159048540083,0.0001898262605809424,-0.026673587889079163,-0.003704924428613869,-0.00472712471047526,-0.011950847393976938,-0.025231664062009135,-0.005513230788632863,-0.007276918045851452,0.025085128573398837,-0.016588915972832487,0.020257170150403875,-0.017905048502450095,0.0027177709891951975,-0.0018081533380066039,0.006403857720926942,-0.004815841859914032,0.009452963490866653,0.022133157887117796,0.006150328614884505,-0.007263221947999541,0.010731834696341239,-0.015329564460378156,0.015386094760324823,-0.016770455693441114,0.014243036806473798,0.018792474024178985,-0.008158238170677845,-0.001276806311537569,0.031712934402601436,0.0009712889482471271,0.024286866894085837,-0.02011470169746326,0.00950734151662603,0.002909045897803658,0.011940612831911057,-0.004942216738149521,-0.013995512460286826,0.007123960339846433,0.02059594906818689,0.012202367704586532,-0.026966060984514678,-0.0018689030320922276,0.01923657532035526,0.01929543473427303,-0.017485521301536907,-0.020299450649896408,0.03706333555014844,0.002127906953280232,0.014842192171094117,0.023778106807884936,0.009859625011003867,0.008077239372758071,0.011893667891656337,0.01294386133782804,0.006887888838703346,-0.00032373712497237104,-0.0020605915414678515,-0.05014075964622074,0.033887182634582284,-0.002813755922990045,0.007602027439047159
Q16_2,-0.0035214234793586804,1.0,0.002485704383960863,0.01590372071229246,-0.014996816302884415,-0.003608417880800777,0.01182321774738373,0.016474480954134584,0.006452440147738027,-0.0010352102221534098,0.0034954845773219633,-0.016663340748473678,0.008514420200224727,-0.01336117391658002,0.01996712109906599,0.003251627884120338,0.0018208785227323788,-0.014409976359169002,-0.015615030840596006,-0.012853984178640549,0.011382521824581703,-0.01234870571917564,0.0040051037680194435,-0.010425985941483851,0.0040880831971973185,0.006861079443043255,0.019665296706943506,0.03410313338806775,0.01522909396203277,0.018539323404716892,0.029354573544261915,0.015531031040998103,-0.009682861361951263,0.0018631344298836708,-0.004758275349611185,0.002659863227634139,0.006090348798230376,0.017489878265229866,-0.009165600912908028,-0.002956280834051832,0.024693835917153746,0.010466282166848416,0.01093605223723246,0.00043873788354499826,-0.011644758265595134,0.009642936097049968,-0.0006781374227800103,-0.012045355503138027,-0.021155868965380624,-0.007299840099163483,-0.013827677733517065,-0.014051586129348542,-0.032171321945497496,-0.0015907881222026337,0.04328392023726263,0.004773576238673259,0.01638579140756878,0.011746207302601829,-0.0023388262166743915,-0.009484312826240142,0.010796648919021525,-0.01044246100126723,0.016194540331288733,0.023768725965651542,-0.0032243799945958092,-0.0022838698478980643,-0.0011002394394320437,-0.022201665397536978,0.009678585531082121,-0.005342289522027555,-0.00790391366583245,-0.01187271335089414,0.00495532747872717,0.006859729134933517,0.0016592152955023686,0.012799514886885658,-0.0039334818450849724,0.001503933275286232,0.005599677823477727,0.008142524475366987,0.004585448718952782,0.023203948456191805,0.006523243195691288,-0.0028486544001102205,-0.0005230736234614986,-0.0035248910966504256,-0.0017800086500131338,0.0060816277649541105,-0.007578044989963503,0.00042901843032120974,-0.009935379890706114,0.0035583013581083774,-0.00695532353045236,-0.0005297451942614629,-0.01618755797428168
Q16_3,-0.0014092830101833551,0.002485704383960863,1.0,0.006083037227319639,0.020406674357544282,-0.00888935682066017,-0.006943635563425391,0.020016872542599953,-0.005036624643635649,-0.002195732625310742,0.012945199814405936,-0.016249403012431926,-0.01346085944128081,0.01187479479880389,-0.01442981782832022,0.00021894181361315482,0.008316282959537622,0.006710601015810908,-0.004745196367090431,0.02244477296301694,0.012863425436808299,0.019351471139398942,-0.008448628089328246,0.012950092914886118,-0.006638957161241161,0.0014007231712672397,-0.0009514885286198111,-0.009316298765623815,0.005468840163615796,0.022713050063580476,-0.0007347793767691996,0.027681303872889373,-0.0030547095087735663,-0.018224276796264212,-0.0012007862994534958,0.00629421326172189,0.011854218001722417,0.00566838922918056,-0.007434441339125645,-0.00549743240676615,-0.005635086824020797,0.004951379836425821,0.001264199146650454,0.014852556631935725,-0.014438805587957312,-0.011802355766119673,0.015074414065121541,0.009384117430948585,-0.00965651410873261,-0.015390199546507607,-0.004051362267384451,-0.014463234406274806,-0.0016137739711718144,-0.009654337917374583,-0.001241219227845541,-0.024830167912681767,0.008755736049472329,0.014202591831570379,-0.0041965162460803705,-0.007878807241380787,0.008243055257698148,0.00475705663739817,0.011621635915487672,-0.016488073456887162,-0.0238678164149957,0.004196083905168295,0.017942968908471576,-0.0025366333186030796,-0.002024624211658329,0.004724849700056333,-0.013776236405008723,0.028323934461355456,0.016443526974033628,-0.003853440302433691,-0.0020630190908848415,-0.010242063864453935,0.006340611819441853,-0.011167437201545954,0.02524901330257539,-0.015103135263900079,-0.018268319539631997,0.012806553200487446,0.00040506007490161963,0.011639556297754443,0.003359076109057996,0.004532712696131857,0.00772117736696914,0.01913787683564675,0.021955622721893588,0.005572993382502009,0.006036040166651093,-0.02783531271585419,0.0015329382610815869,0.04118686016870472,0.014288679229023014
Q16_4,-0.0024644880637095298,0.01590372071229246,0.006083037227319639,1.0,0.003150366220099756,-0.006321133514223431,-0.00010768721066216774,0.012615115587161774,0.008274904085979888,0.0028204898727211083,0.006866895642993793,0.005440070898291292,-0.021628638754473264,0.000451718871434387,-0.009837387021184831,0.00718980243839356,0.00601176077203436,0.011095725183495265,-0.014037526705243516,0.019234837295704823,0.008129256659262134,0.001610426843863522,-0.0014758269033757277,-0.0006342068630930792,-0.0045282749345134056,0.0031010657549804775,0.008969398513855456,-0.003961475829219871,0.002008209451645953,0.0022716106852263065,-0.029314573913905656,-0.006732738145692867,-0.0032389046805303607,-0.0030387212685423427,0.039665496645849736,-0.018408104216743142,-0.012190521499425759,-0.006843081154880222,-0.018034857479478222,0.0023888672532091106,0.013436922745609611,-0.0052659900513917085,0.001614166323954506,-0.016843364241454082,-0.020644357254535006,0.013100954984915678,0.008295913507538616,0.0032911389274145986,0.016080504321286465,-0.0024413408785914515,0.0012074928040900943,0.016216217592998954,0.03378051660286126,0.0076670786660118125,-0.004927841123511656,0.004802377509303698,0.0023189088548302775,-0.024141816154524445,-0.0027642168347574436,0.019592389711456333,0.004200707119866196,-0.011334776271258914,-0.0036169677886752744,0.02234805887802015,-0.0248000101942803,0.0084864487460993,0.008625264656139326,0.001966194130465974,0.01621514731841621,-0.009735128833160632,0.019402366145964033,-0.008322376852192826,-0.006344318366973602,-0.010149392151841878,-0.008016147953787845,0.006543806727867472,0.010221217243069415,0.02395693527930696,-0.028532097789137713,-0.003709924972566844,-0.021264618813180536,-0.005644194964436279,0.019208931171538268,0.023079181415845477,0.0010690288038676056,0.0064985237029685375,0.00709307972494717,-0.035216243984542754,-0.0018527784756969853,0.019558453250754882,-0.008820919075756517,-0.0012260550072810204,0.01164628821611512,-0.0038714316526997842,-0.023461961823300688
Q16_5,0.001186146034636194,-0.014996816302884415,0.020406674357544282,0.003150366220099756,1.0,-0.016624106871198332,-0.0036779309991083423,0.022139020051376773,0.0088332979443474,0.005466480328009476,0.008322837932027195,-0.008169142327140342,0.0013403019410525034,-0.003887444438464695,-0.007242281924618777,0.0008293030446305852,0.006617945669775389,-0.011075504068515377,-0.02098069205751942,0.019380905474356256,-0.022721005079157825,0.02071658188324734,-0.014725944022286705,-0.022365156014977548,0.001373501521132872,-0.00577874640458138,-0.006951366309211868,0.010655666892001245,0.0013645975171039603,0.022134632685499422,-0.022594002537302163,0.013735118687800805,0.0020475752585378086,0.005740150058075084,-0.0019448456631574295,-0.015265870684982173,-0.011204158472335319,-0.00660560173575609,0.012874922057074422,0.019798634867024895,0.0021707315744027298,0.015835242817093066,-0.0026846439760077685,0.01149089431912156,-0.021891640289992933,-0.0024335148672140153,-0.0035320369151179355,-0.0077960667781274634,-0.005048272911715519,0.012158565758767545,-0.0049155747708490745,-0.0043020030441312624,0.004372756274916425,-0.011919720276738668,0.007038150553920294,-0.00655296211247022,0.001164927129837337,0.008719388012551298,0.005951585927127798,-0.04460774949265053,0.009781639850521093,-0.003318814580908855,-0.04730884849822378,-0.004220516705388059,0.007629673170461218,-0.012264034154089911,0.02008545278970443,0.0077093146235294886,0.01420782160651725,-0.019182408592050396,-0.009773814252660242,0.010408362554347142,-0.006400005374855812,-0.004687586819945781,-0.01749691967365427,-0.01365826610703161,0.03203101137219966,-0.01651594542393921,0.005489666769235877,0.007271849239729082,0.016709301437405337,0.023378490760927184,-0.017517951500931276,-0.020908820469064088,0.0070387529026064875,0.018347001903388394,-0.004923003678712717,0.022065670512239878,-0.005340743476019764,-0.0029281725655497877,-0.02238145168767416,0.010795153661068296,-0.006309570807753395,-0.010562919079495612,0.0006738709859434333
Q16_6,-0.0191675720333334,-0.003608417880800777,-0.00888935682066017,-0.006321133514223431,-0.016624106871198332,1.0,-0.004698953028683804,0.020923411405261674,-0.009893474778320553,0.010097120332580986,-0.013555575090944736,-0.009077809783523232,0.0134801617180127,-0.012056254641059952,-0.004321283228539823,-0.020182739536980715,0.004982394095034735,0.002964313675257914,0.004703568568923003,-0.003215244050916073,-0.005446601522744029,-0.0033260989172059557,0.003968900965152181,0.010944385188073082,0.003859707364952025,0.00020228429570396975,-0.015141971951234727,-0.025193747421232628,-0.002032362995673623,-0.009782595900403777,-0.020417739129542426,-0.006030094527348263,0.015125301100755877,0.004738055785465787,0.0015404472477629043,-0.008857612481956482,-0.004444438440563295,-0.0204643678098718,-0.015072975182851485,-0.019017198372460384,-0.00043490735007022677,0.01037743419132317,-0.01022474522456817,0.019882794767915022,-0.020031663956532112,-0.024348396363710376,0.03172052277050256,-0.006905907153391204,0.019162916459094306,0.002205827643294552,0.02026396554127548,-0.008694645354688729,-0.008123732245390779,0.022787835019034555,-0.0016079748811263727,0.014324995648420123,0.018176794947449858,0.00018133792217236029,-0.011284739729189149,0.016495717421974334,-0.012906170689106045,0.000587547952656943,-0.018504988414321223,-0.014529058221401629,0.010447930096771925,0.01125287062103194,0.005982064130756609,-0.01632804617908416,-0.01685464189835886,0.01821835733204973,0.020994797819042975,-0.001162587094508531,-0.008803173783546793,-0.023368722076665467,-0.01021161442741963,0.014665212405527114,0.01271820544317919,0.01345494684436834,-0.02270455523604936,0.011490111748102504,0.0003264406517221632,-0.018881802033641173,-0.015734113472196092,0.009797994747215419,0.016451019255158503,-0.016000403632424942,-0.018114349391468998,-0.0029874691453643464,-0.01256207239780386,0.008100218507249866,0.03058835427084377,0.004292921858945592,-0.012839835051488644,0.024612850918072703,-0.04143504807041763
Q16_7,0.0010652305659963456,0.01182321774738373,-0.006943635563425391,-0.00010768721066216774,-0.0036779309991083423,-0.004698953028683804,1.0,-0.015753033357562448,0.00685357760056775,-0.003744161817327453,-0.011819714318350022,0.014103916923672244,0.009358744396514905,-0.016584142739395954,0.02014001672838354,-0.017455400884809784,-0.007343354653006521,0.0033027134583826674,-0.011884953323133008,0.02066050492799646,-0.022720600331077645,-0.009457556819377684,0.01140593267665274,-0.0007738141145365276,0.0015658105983743476,7.655902590217207e-05,-0.003055574822351068,-0.0180518298823569,0.01033314338891084,-0.003504177557383917,0.0026554236494988823,0.006402334599023637,0.0065322745868468925,0.019993067812528714,-0.011177024653515139,0.0242251913530618,0.008769593495601254,-0.009265063337379649,0.027723713936807764,-0.017061376923117235,0.0018039215953380135,-0.03136413083347334,0.0019945387903960543,-0.007274739504816207,-0.0006715457499926899,0.0036526990497602807,0.006321640013051854,0.00639753189017727,0.010563511803172974,0.0025492667646466894,-0.013504884106925942,-0.01073850724669521,0.009008656846454315,0.028550474505274464,-0.004851235215450678,-0.005533851388421999,-0.010638973726215098,-0.008867062723181716,-0.013376516069606093,0.0027732452626346954,0.004357005111067448,-0.0012042837148262373,0.02328785319899234,-0.008293493474335712,-0.010776161460844444,-0.00435202250186895,0.010009537993516582,0.03219765567476889,-0.013693131583687535,0.008612939563669042,-0.006532870531162145,0.0006658848170113901,-0.013666154278291338,-0.020110730357615618,-0.0028362803167747037,-0.0091218103189785,0.018470416059327397,0.026086605890598705,0.01811126344444796,-0.007926552235538896,-0.016916256767250577,-0.018581903357718203,-0.009088273158252752,-0.010415139316719928,-0.009089376250413405,0.0037222105290511784,-0.014075158953143374,0.02124379143716956,0.004593813058693491,-0.011744504624155086,-0.03177892501578894,-0.008540001891362599,-0.009826350300327172,-0.016793165494399454,0.006191030014960435
Q16_8,0.010935780651019631,0.016474480954134584,0.020016872542599953,0.012615115587161774,0.022139020051376773,0.020923411405261674,-0.015753033357562448,1.0,-0.016042042572172198,0.0037992084962980574,-0.005293009768726263,0.01677597841709848,0.014813953258980854,0.021348454680255115,-0.0015295730710332325,-0.008612193255428037,0.0011361433286512215,-0.013059645505759429,-0.010860913162935523,-0.01661553454215077,-0.02545219266684546,-0.023449297337892007,0.010347268858742965,-0.017960938426037968,0.006317613174359169,-0.02912484862449575,-0.017262683341819046,-0.015511884919666619,0.004661306706514372,-0.02552310249827697,0.011785605482198782,0.010602055704088021,-0.0025101647373512747,-0.018052164529574373,-0.0005306740938933543,-0.010251752171014523,0.004209459887569979,-0.01193808030645584,0.021411731476130617,-0.010835022355958538,0.0022105476016805437,-0.008170089649935314,-0.009321748044443863,-0.025528770122952793,0.004739826968683668,0.007431669765356945,0.004578579629335558,-0.0057501908582945115,0.007376737148420131,0.010912483826277231,-0.022956442018655987,0.007172362378721107,-0.001963275589960999,0.005972394770640088,0.014480532812422047,0.007709729747315951,0.004655438187090578,0.0013272901251586678,0.0013344731337123937,-0.0036453293557863822,-0.028593547440638335,0.01711518639858571,-0.026321860890675192,0.006811957361918868,-0.01661598810919605,-0.023441358658142123,-0.018361763813337692,-0.032708794810540474,-0.000195572886328918,0.01776131415443514,-0.018082031557090844,-0.029678050217499797,0.022329431555369122,0.0019160987044764734,-0.00012968482434741935,-0.006623347481684766,-0.0014735170014286553,0.010398569782069234,0.0009725592554434874,-0.000824330036446859,0.013649459712825772,0.007735376888951307,-0.0017202458740431248,-0.01148398037822519,-0.0029651772654113425,0.015466732997257626,0.002078576132079848,0.007537496540517606,0.009326151376212165,-0.0035264883594023568,-0.008947912913714978,0.003798994537411669,0.017130399306478826,-0.011943236487881924,-0.014748135266290137
Q16_9,-0.003176078865439848,0.006452440147738027,-0.005036624643635649,0.008274904085979888,0.0088332979443474,-0.009893474778320553,0.00685357760056775,-0.016042042572172198,1.0,-0.01300812464951504,-0.0034644443967316667,0.0033846225977435976,-0.0037706506744620704,0.001133376494380906,-0.0014713040193709808,-0.006189424600316371,-0.01415522909456943,0.016463074390203877,0.011574264504374336,-0.00211956147601321,0.0038503428834954848,0.022397665608447557,-0.006925177838441425,0.0029923140225968795,0.01263382180329895,-0.0374132711470781,-0.0022209697349234595,-0.030856562664871252,-0.0186254997027434,-0.017671973002968897,-0.005713049313100404,-0.004637953784376651,-0.011138418275499738,0.01014782801629887,-0.0024127091770730046,-0.0018444417314016446,-0.008185092309224437,-0.009091066125209697,0.01009048246875885,0.012110247567749734,-0.0077720774491395975,-0.0011521130448483663,-0.010975652150237675,-0.028025862376546168,-0.0031774403867302274,0.02094035669655955,-0.004105485324333586,0.012361884226291317,-0.004453530471119976,-0.016878794835652453,-0.009709611844327889,0.027687591075416133,-0.00911044676441497,0.026070354219222425,-0.001849463493811872,-0.014797864102253654,0.01944140851540817,0.004811848436468548,0.015137376573436197,0.005004482032903376,-0.014141816359858837,0.009231429783488067,0.008307112266611202,0.006424976281513351,0.00796776945191656,-0.007097928140500799,-0.00530599746698291,-0.016595899335124106,-0.014566356512878742,-0.004743134763106925,0.032830939973977256,-0.007489003660305918,0.013462214254341173,0.012571700785555933,-0.01081634826982454,-0.0016333035164705636,0.012329477246557762,0.006685731083139056,0.03147138532439741,0.013450843004637234,0.019428888093361282,0.012077024260562442,0.002330309489300956,-0.007540882853220881,-0.011372798497680877,0.0011899685073567788,-0.005719283461901266,-0.011240869176145153,0.018200335396907578,0.010455314335495935,-0.013502412010134489,0.02542341829891173,0.012592891681675636,0.014306140719278071,-0.03415919236048153
Q17,-0.016585449741866348,-0.0010352102221534098,-0.002195732625310742,0.0028204898727211083,0.005466480328009476,0.010097120332580986,-0.003744161817327453,0.0037992084962980574,-0.01300812464951504,1.0,-0.013177733393931947,-0.023279862884549047,-0.008580439023324308,0.0027304455433920646,-0.010793939933748867,-0.018414512580654102,0.04195755566562239,-0.0008632162815599154,0.019938411723954105,-0.004612792504742721,0.002797429234062346,-0.004782487890874223,0.009266754572719712,-0.00655317025283638,0.005110435517370505,-0.014375119524024984,-0.005385457731308116,0.0007422255012944125,-0.0030438853649496487,0.010445052448773898,-0.007773530203704629,0.0032111231162775954,-0.008099050022263453,-0.013912960190756354,-0.008582815805717393,-0.013266239183345746,0.0007741322207650349,0.0019600266175266996,0.0028579070096542663,-0.003447535591785014,-0.0023528920997344586,-0.0016098077149368582,0.011906707718457206,-0.01456634669131125,0.011214037696634874,0.005225204021752976,-0.0064660839488923936,-0.01558628868608063,0.008565265605565316,-0.00667921851614486,0.011598252720441335,0.008596970065901093,0.01411892899481416,-0.011207077552385898,0.024814284452110157,0.017575577477788186,0.014977277895515277,-0.004720523066306461,0.0068728294304607135,-0.0011720727684891223,-0.0023723132977347826,-0.026388372644186496,-0.0052103914935068074,0.005377046033686445,-0.0022193079681882533,-0.004985572775652641,-0.00886914750934836,0.002729231747373779,0.01952207256935793,0.0034228371154253175,0.0010429247242144978,-0.004443876085928345,-0.0035788161082184445,0.0009634786050653626,-0.00576709766794515,-0.005784155578511045,0.005555469699924973,-0.007520807821650655,0.023864248702452923,0.005761797334087845,0.004924020845106667,-0.014149751366687379,-0.018275516609670375,-0.003514431622973601,0.024111375206120084,0.006619795237880055,-0.02902287755400182,0.0007945370999968618,0.03585538687823199,0.018201915233005347,0.009764791751837552,0.00036694837961028697,-0.0337308917748234,-0.01549456565130541,-0.014066746946758137
Q19_1,0.0005292427262032519,0.0034954845773219633,0.012945199814405936,0.006866895642993793,0.008322837932027195,-0.013555575090944736,-0.011819714318350022,-0.005293009768726263,-0.0034644443967316667,-0.013177733393931947,1.0,-0.018920463768646038,-0.01702067505613218,0.006210224333680418,-0.01598956961294606,0.027116212150625384,-0.012264496334523162,0.012384870333196055,0.003590827997381586,-0.009866613260478057,-0.012316382483440358,-0.008675377347874472,-0.011115864987290365,-0.0019154625981817278,0.021515599058739187,0.005679888451453626,-0.029586676489336362,0.0013963535667887743,0.01176742581604423,0.016684904284718374,-0.013768780306545656,0.0019088341434731623,0.0008896267781697671,-0.017261160964233208,-0.01551830180141081,-0.010013206821524753,0.0214816674157577,-0.0001852434370386217,0.009513510420396321,-0.016037180754440702,0.007100879684545164,-0.01965954890881393,0.013557232823078655,-0.014104501253721063,-0.015759010345216224,0.006742441301545462,-0.012669533968725496,-0.0005854497481486288,0.002509956248096195,-0.010238226846560228,0.0020675632543851862,-0.023100934298961824,-0.020060683467546442,0.015272332481423343,-0.012974542919390724,0.01963292885903408,-0.025585212884740277,-0.005584626008240253,-0.004967058551458458,-0.007226428404581676,-0.017765680898322624,0.0007827917778425323,0.020828555574276535,0.0006067418585994426,-0.0360973298776303,0.006464967839779105,-0.014192454571239996,-0.017851521750400112,-0.00928702484334539,-0.004299909307476818,0.0011093737757625038,0.029644738249944912,0.007102263241967621,0.012499402781105886,-0.006564267832577795,-0.027817623925430468,-0.016978460474960815,0.005424687840203176,-0.002364614952472201,-0.029831932519137717,0.00214644861384277,0.006440918834384691,0.019090386878278083,0.01872016736396145,0.011404316782933611,-0.02409300330975615,0.006601703120569834,-0.02846599298805523,-0.017305479174062454,0.005887378899557138,0.000255522310009576,0.02205817682567772,0.010543094468918029,-0.0048950008267701585,-0.0002618972026391313
Q19_2,0.0018872274264564216,-0.016663340748473678,-0.016249403012431926,0.005440070898291292,-0.008169142327140342,-0.009077809783523232,0.014103916923672244,0.01677597841709848,0.0033846225977435976,-0.023279862884549047,-0.018920463768646038,1.0,0.020940408569141294,0.0012247119990769272,-0.0042673508001840966,-0.004947099405389113,0.024726489341454157,0.005783639472308857,-0.029624742821716683,-0.037075019988203554,0.01136315691768544,0.01105725876777102,-0.002263803744774974,0.0054003344103097225,-0.0014577095905586501,0.002292099734233495,0.004828481299278425,0.013877448260388272,-0.00555023948293604,-0.002839985355166416,0.0017832127759297336,0.0023836011054943983,0.009838555731785796,0.006214362445804221,0.023019825065061065,0.03809686577178246,-0.019964899236239293,-0.006014475645556845,0.0025828141480595756,-0.0039672328783509295,-0.0034218057311767576,0.020606704286036885,0.0021603525041171212,0.022133078536080795,0.003924874564725451,0.012913103217994925,-0.022498508122001732,-0.006865011023936579,-0.0076111191485259645,0.011502918532632437,-0.02407962629535994,0.004897977464317965,-0.0007972626242225906,0.014666702163331179,0.04228578567178319,-0.006765253073793411,0.016241934589961107,0.00576710200434594,0.0177763861542336,0.016177759882291573,-0.04345122348407925,0.017219135979674203,0.001250533951998862,0.0025210651137687265,-0.008310394854280893,-0.004628318597684757,0.007189937351087614,0.012852082817253686,-0.026648552084873448,0.007719233321910574,-0.001970461987127759,-0.003876498754395623,0.0025917091967729714,-0.015623888367286658,0.015661982234512938,-0.008989188638566303,0.021429461466537847,-0.019081211884427136,-0.01415733584351672,0.026035426860433024,0.00828764163593064,-0.023666688410714256,-0.016465315480198726,0.003448360493680437,-0.003268877192580475,0.013013561955603525,0.02831768367803783,0.0012897990317500988,-0.004115728816089286,-0.016064157559487167,0.023197138718987,0.014156327615781457,0.005005759066473463,-0.008288695664034753,-0.03312374784124822
Q19_3,0.012447786690645512,0.008514420200224727,-0.01346085944128081,-0.021628638754473264,0.0013403019410525034,0.0134801617180127,0.009358744396514905,0.014813953258980854,-0.0037706506744620704,-0.008580439023324308,-0.01702067505613218,0.020940408569141294,1.0,0.010407274356977407,0.009063774698576652,0.0013443655740988688,0.020626715161848656,0.009414119610779606,0.00398675605280984,-0.02229401573425398,0.012868233586404758,0.016879703209551487,0.007295962973229815,-0.004290254208715218,0.012849810515992566,-0.019074458648038077,0.017976213301966144,-0.004383458149828108,0.02512275551797426,-0.014474376230453409,0.01759713457754975,-0.02176859929419771,-0.012075391862661126,0.011465464218776242,0.02510528526299437,-0.004337106716454495,-0.01700757206350705,-0.01180463935631232,0.003739587901946707,-0.004073932106103592,0.047118318434149604,-0.025350971158311995,-0.013415705467996359,-0.00982904280535901,0.021310191528736547,0.031122685536596015,0.005898577310222853,0.009455996128346697,0.01634248151834374,0.000544576999128872,0.007388469402374165,-0.017283659438151373,0.020839369346362394,-0.02052006243615829,0.004112398983491225,0.02118108266583191,-0.01050939731633375,-0.002669443810420147,0.01288505283455881,-0.010965990793776016,-0.005030785897912745,0.006901957664565882,-0.011975464987316362,0.007636983314671662,0.005904353223516543,-0.009309787875266899,0.010799612807897013,0.01731464430702424,0.021891628093547316,0.041449721006241044,-0.00504274000859225,0.007507828937907934,-0.004964412052494221,-0.010677886357429911,0.024246540338409263,0.017968193398048733,0.005930353102487519,0.020912936560689196,-0.011741593548615743,-0.015614398844822883,0.006345570310996098,-0.011877524814051106,0.00018386418309869175,-0.005557046148018642,-0.0021808661029340576,0.005507731446474742,0.015965444544976636,0.018423763209902286,0.0045197267934446676,-0.012783960039612338,0.007366361957590616,-0.012877612688832009,0.007084687194714983,0.03130432673995914,0.0002902467170695775
Q19_4,0.013341214953949326,-0.01336117391658002,0.01187479479880389,0.000451718871434387,-0.003887444438464695,-0.012056254641059952,-0.016584142739395954,0.021348454680255115,0.001133376494380906,0.0027304455433920646,0.006210224333680418,0.0012247119990769272,0.010407274356977407,1.0,0.02605717376818856,0.007515521623127885,0.0054179587875544475,-0.0016856983682382407,-0.009711629588873743,0.0049306324201149635,-0.0295219650362712,-7.62860501467392e-05,0.011342994454041962,0.014248132382414192,0.007159954091373252,0.00036292036085194476,-0.01673219165335275,0.007017962708763188,-0.011691340668884775,0.008325544332313304,0.009124755272174415,-0.010440117572200184,0.006749160185372735,0.011517286217502603,0.022774223031326337,0.006058157094657047,-0.019695020604578603,0.009083655598979655,0.015947697893989726,-0.030150886295268017,-0.020444116551982406,0.016086781888803657,0.0009488235122219413,0.00959950081656592,-0.0016393310107991042,-0.01980340009620777,0.015767784259338082,-0.027960379379025367,-0.005000864431304238,0.00015399023533817406,0.0063884089095157266,-0.03183876919951402,0.005183952217155642,-0.0057413135508792845,-0.008299029766891005,-0.001069546579705886,0.02827504463549571,-0.029015918888924127,-0.02008771354589203,0.003591764764863232,0.010911055475090439,-0.03557675087250125,-0.013916901407531273,-0.008349810015023815,0.017502627469976127,-0.00507896018426138,-0.0051655074875509134,0.04041814331585172,0.004868295902014407,0.0032163334661235604,-0.015065885074771477,-0.004784800476647852,0.003639212680209485,0.008629390928569042,0.010312134920176795,-0.005085610959432096,-0.000494454938332202,-0.006101998189722379,-0.027491412621627697,0.004348294894051426,0.012460507875644409,0.004954238561502534,-0.0010773662055383432,-0.011640435900846959,-0.019064675487147194,-0.0018851213941806254,-0.02539830354707627,0.0022427048962906154,-0.0020117298066787107,-5.8866202159769206e-05,-0.006337737014715848,0.015961162801422204,-0.003329419328394042,0.027137626853995844,-0.0021507440777462574
Q19_5,-0.0013712535251562544,0.01996712109906599,-0.01442981782832022,-0.009837387021184831,-0.007242281924618777,-0.004321283228539823,0.02014001672838354,-0.0015295730710332325,-0.0014713040193709808,-0.010793939933748867,-0.01598956961294606,-0.0042673508001840966,0.009063774698576652,0.02605717376818856,1.0,-0.039666964080824006,0.02334898752263003,0.005223009838606218,-0.015647153627118583,-0.005382713563279771,-0.006242322471502006,-0.0015516359245827704,-0.0021885102319798375,-0.012136574194947987,-0.009728819424726247,-0.010409024016062873,-0.01084446437456549,-0.019334661737719878,-0.00693475316134349,-0.017003744501818886,-0.007590387899067635,-0.013464098354263048,0.028377646448532905,-0.009857147333325284,-0.009730019866856385,-0.016318520843130867,-0.024045787155055877,-0.004940312559380111,0.005136845376779687,0.009063413052257687,-0.00851797180368886,-0.0011387047271982607,0.0004154495693636657,-0.010122310795330651,0.012447500663318723,0.0019352323968971565,0.016180565442779148,-0.013075881995458576,0.009841012689058546,-0.014228591896982218,0.00532426753598398,-0.01562149734918362,-0.0026282777922474482,0.001366070410184909,0.00342295812058835,0.009792368431425575,0.01069789781362673,-0.022050156053631174,0.013190046950305654,-0.011418253394644248,-0.011214064499304462,-0.012178398017422192,-0.006781435765925915,0.004858384717521305,0.004678340811123543,-0.002980926032780089,0.028072596102561277,-0.0058315869194305705,0.00733716468755703,-0.005974538742116659,0.013580715343596917,0.027697916291730254,-0.0023803260951043045,0.01800130688154035,0.01693687414378914,0.007151415645074756,0.005494071788462264,0.02118482403552669,-0.008986541280375052,0.03388120234623736,0.01777795136716098,0.005496698925860719,0.0009985603897874195,-0.0046161019087195025,0.014562903581390523,0.010296481357988125,-0.007348568725983475,0.0011195495040464047,-0.01271852806368625,-0.0010140504435677527,-0.014836369536420113,0.00990643174233591,0.011579582328606093,-0.023625845631233915,0.02534917016633752
Q19_6,0.0034845911589066495,0.003251627884120338,0.00021894181361315482,0.00718980243839356,0.0008293030446305852,-0.020182739536980715,-0.017455400884809784,-0.008612193255428037,-0.006189424600316371,-0.018414512580654102,0.027116212150625384,-0.004947099405389113,0.0013443655740988688,0.007515521623127885,-0.039666964080824006,1.0,-0.0009313095255407944,0.002832964399995842,-0.0014452883122735522,0.0014850241229513736,-0.01258380363625903,0.0034995945999046754,0.0024315711351402805,0.013096740174940683,-0.00380179157191829,-0.003667202703476562,-0.0053778560445503195,-0.0013258221475098552,0.003672126565870173,0.003223715376004242,-0.0017396137383722892,0.009337713778657098,-0.007145916983257686,0.0017995979035619787,-0.013947833532105504,-0.01353933367253101,0.015330908473295218,-0.0060444848390102,0.0068211284696994825,0.009441312375923903,0.007117637496333945,-0.013699841895559124,0.004978482484265791,0.008000495841108244,-0.01222184308666019,0.006870471590960498,-0.01748328117171882,0.007243633200881288,0.01137939857924552,-0.002879922174374697,-0.001344862075643814,0.012096900450187053,-0.0018288156952660228,-0.010268871919935625,-0.007420294223455906,-0.0068287488411081535,-0.037318600198134724,-0.009468691130123092,-0.01130027436938743,0.005767936506702372,-0.008583802334607987,0.009685999409241926,-0.010621326162531837,0.01745477115451598,-0.010890736577042074,-0.013938908945969794,0.0018410026372068166,0.004845224163572749,0.041413716081494426,0.03981032521298849,-0.010155369397273843,-0.027227811992295004,0.007246427829925944,0.005436944400985953,-0.009530720342977014,-0.000227690497117286,0.020807714690024095,0.027303466018816915,-0.01380455285941926,-0.0005176325787908694,-0.006659599764096817,0.005883475267046903,-0.0025969601798107467,0.012718766809078135,0.004019919137702954,0.017206043551038518,0.001125936656062423,-0.016137969159756307,-0.02194763287169455,-0.0003602397813882129,-0.0033120969997425076,-0.0012679430190449662,0.0007589652292158222,0.008460682400766605,-0.006085903420085863
Q19_7,0.009979595552097795,0.0018208785227323788,0.008316282959537622,0.00601176077203436,0.006617945669775389,0.004982394095034735,-0.007343354653006521,0.0011361433286512215,-0.01415522909456943,0.04195755566562239,-0.012264496334523162,0.024726489341454157,0.020626715161848656,0.0054179587875544475,0.02334898752263003,-0.0009313095255407944,1.0,-0.009626864235158693,0.0005854061075768198,-0.0046338614958992596,-0.01575292950442381,0.02408026107310594,-0.007627352820133302,0.024298929300154707,-0.020831271607315478,-0.007231254401066353,-0.008748221084840567,-0.011045018013551818,-0.008319141817897288,0.021558519513553646,0.026128420342874645,-0.025414916633710084,0.02579629633607862,-0.003708450320826868,-0.009977567674426958,-0.018052029317779755,0.008780632440055409,-0.011962190165224953,0.035437015057085,-0.008410996254678857,0.009623263553296808,-0.004795466165608136,0.009468718676588111,-0.00902496636524326,0.0027451718484115873,0.013076218622846993,-0.01569881312646378,-0.01190871151387092,0.0008336030886722981,0.0025844630568843093,0.010824236382155088,0.0132084879650341,-0.01456759477539577,-0.009828778808539667,0.005564239510173382,0.021893416784477374,0.002266456546808926,0.026588042524040387,0.005276927465409224,0.0346690035132017,-0.02006549841382865,-0.02543895247740662,-0.019044352973505683,-0.008952964303363281,-0.004191710776955301,-0.012191073228205382,0.0021928856232511554,-0.007381145106018609,0.003113275785554555,0.01559065445447525,-0.0035088639528456345,0.013301501813064416,0.0076838271430670416,0.009157991048778732,0.0010987511702571422,-0.0013948701302028714,0.027382977647044976,-0.007046836131187322,-0.005683860817688564,-0.005739421667774179,0.010822085029670818,-0.02186166994655028,0.017321750387934955,-0.002389804077743785,-0.004849658019452263,-0.01112431150787453,0.0028504841548206428,-0.0012774198003871107,-0.007642010207808016,0.012983384552564418,0.007467375741757927,-0.0017681025414012271,-0.004058363010583298,-0.005633084546830517,-0.004910252803491668
Q20,-0.009600504759275272,-0.014409976359169002,0.006710601015810908,0.011095725183495265,-0.011075504068515377,0.002964313675257914,0.0033027134583826674,-0.013059645505759429,0.016463074390203877,-0.0008632162815599154,0.012384870333196055,0.005783639472308857,0.009414119610779606,-0.0016856983682382407,0.005223009838606218,0.002832964399995842,-0.009626864235158693,1.0,0.022702591747523218,-0.01384014339217291,-0.008509189479278995,0.00858818601301389,0.0199836476905531,0.009596642674557404,-0.006160781369153389,0.01628364564980745,0.002908619498629183,0.014678784640525674,0.011003159544505243,-0.026112412047823906,-0.0016872621520945931,0.0034240245407229693,0.02313201289836313,-0.013754271847613695,-0.006500998373866902,-0.005492304992679782,0.001684266730723992,-0.02169992113686487,-0.008831707841181627,-0.01083832146507644,0.008677844331586068,-0.010620930892752015,-0.015407074722295954,-0.007847420118774217,-0.0039048881338829356,-0.008849652349929396,0.010212398284992824,-0.016333571530128557,0.00888361747251552,-0.011313433561489408,-0.014133248512435208,-0.0022683076459365805,-0.013852200359061055,-0.018581344304502336,0.01027982351480574,0.01192906158509289,0.00806396553035352,0.005775081398423549,0.0026240191332459494,0.006653846102952908,-0.002493868607013362,0.004761573731916596,0.01281418568850212,0.0005840103580859122,-0.0017540991415161988,-0.01904647564273987,-0.014832774522855353,-0.003422228709682721,0.042114462123813624,-0.0003316692300005209,-0.010512110822955823,0.02387066613596149,-0.02582164637469218,-1.280816841505094e-05,-0.010764264536985459,-0.008674190151273707,0.0013875251135653688,-0.011776107339675575,0.009321941284575624,0.00624766804755996,-0.00709825902800686,-0.013889578890878225,0.006874005440895946,0.017211258186192097,-0.013301184410089704,0.009339082633751482,-0.003285679597456821,-0.01597416618311269,-0.025590467542864728,0.015138204319977174,-0.007624332712214315,-0.0012907910295569577,-0.007469020481118737,-0.02040397540016423,0.0019881700346740506
Q21_1,0.004691955349514029,-0.015615030840596006,-0.004745196367090431,-0.014037526705243516,-0.02098069205751942,0.004703568568923003,-0.011884953323133008,-0.010860913162935523,0.011574264504374336,0.019938411723954105,0.003590827997381586,-0.029624742821716683,0.00398675605280984,-0.009711629588873743,-0.015647153627118583,-0.0014452883122735522,0.0005854061075768198,0.022702591747523218,1.0,0.008421440454966839,-0.005640609132769226,-1.1944583762108105e-05,-0.011483318767216288,-0.0030379650452788142,0.0021859148789634846,0.002411693497445132,-0.011947074646935592,0.011430452726031829,-0.02037691941309873,0.011548689143702766,0.004419651156669235,0.009158368545195007,-0.00405894550531387,-0.023762008495718374,-0.007668875625778747,0.0005180011948225947,0.01564870700736558,-0.01375413238592469,-0.00497849272838428,-0.021735253208429117,-0.01379608766533368,-0.015106905877873578,0.00933089358575396,-0.010850491043743894,-0.008765996161020556,-0.00918898736855888,0.011605773646732407,0.010084226110671456,0.004982483617446791,-0.006171272658440743,0.00034715491396658223,-0.009059155007967902,-0.02795589961292871,0.003952165862237834,-0.0267325493494296,-0.006441559453330471,0.002129607577330997,-0.008582210055233257,-0.001011088827113708,-0.019683903360918808,0.010027932105215746,-3.312668947334156e-05,0.005878489268055709,0.006557869203750005,0.0011804344017480263,-0.004512569630045247,0.00680993570252064,0.032049380313352846,-0.012578730305406969,-0.017726671592870887,-0.015088733830814886,0.013443914215743744,0.008185469996131201,0.0007847243567439963,0.0141972993900323,-0.012790289496027247,0.0014749708903433964,0.021443544859602516,0.0012518570213256202,-0.0041979746578339455,0.014575320606819,-0.003632564619507586,0.007257353855386782,0.029202697904627362,0.010537372757900785,-0.005222673378222908,0.011948693733791082,-0.015030554302333483,-0.020977228809784934,-0.009100553082317763,0.015086988036684847,0.00037311457458197935,0.01602143294515684,0.005668554621949112,-0.02525024762707638
